"year" "PC1_score" "spline_15" "klp_sd" "ulp_sd" "total_sd"
79 1.38117180206216 0.849472174572652 7 4 11
80 -0.574223388559876 0.67823779959318 7 4 11
81 0.702312232762306 0.516945534680139 7 4 11
82 0.448578075911341 0.350784129507276 7 4 11
83 0.0230959555599344 0.16282229101557 7 4 11
84 1.40118163785782 -0.0616300640442418 7 4 11
85 0.73697338512927 -0.332123509857102 7 4 11
86 -1.30622218193279 -0.623418729665023 7 4 11
87 -1.97846748257846 -0.884333126039456 7 4 11
88 -1.97050594688747 -1.07782583466026 7 4 11
89 -0.921084097144244 -1.19739453216055 8 4 12
90 -0.413584901350158 -1.25905357349031 8 4 12
91 -2.02135277042363 -1.27338878744068 8 4 12
92 -1.11415343353765 -1.23605428337092 8 4 12
93 -1.07234424591688 -1.15309137546314 8 4 12
94 -0.530872407985558 -1.03146293594377 8 4 12
95 -1.52291983529808 -0.873280782822696 8 4 12
96 -0.712743007820281 -0.673301906541488 8 4 12
97 -1.10109710707904 -0.437249872539652 8 4 12
98 -0.763544072552952 -0.178396917470169 8 4 12
99 0.504237365869234 0.0731558637088914 8 4 12
100 1.25230168805122 0.274104047722746 8 4 12
101 2.0967037285895 0.392007015183331 8 4 12
102 0.643746415594411 0.425458053604382 8 4 12
103 -1.05825757803735 0.414175093498586 8 4 12
104 -0.347624787691384 0.403547725027795 8 4 12
105 0.700665174159965 0.406012481479399 9 4 13
106 -0.0899983923434768 0.412546540992449 9 4 13
107 0.611062995487487 0.413741725491 9 4 13
108 0.0318092275037811 0.392400269265627 9 4 13
109 1.13639120187527 0.330945493530431 9 4 13
110 0.762033381558575 0.209545240768621 9 4 13
111 0.682968592129382 0.0258822117915145 9 4 13
112 0.125499299259457 -0.203518162848419 9 4 13
113 -1.10808036983875 -0.444122160546965 9 4 13
114 -1.21819639748385 -0.654678844933936 9 4 13
115 -1.05550838496579 -0.808766956923048 9 4 13
116 -1.1530189021701 -0.896202991587217 9 4 13
117 -1.02523232673924 -0.916076307782346 9 4 13
118 -1.14377186362663 -0.874572966751287 9 4 13
119 -0.242104385484276 -0.782818123030854 9 4 13
120 -1.11360107104887 -0.655247508038432 9 4 13
121 -0.830342592224223 -0.498932624478302 9 4 13
122 0.466869060056354 -0.329277937010433 9 4 13
123 0.256075978718038 -0.166756338130821 9 4 13
124 -1.01724847598126 -0.0150322151221511 9 4 13
125 -0.224922974164154 0.129850594713733 9 4 13
126 0.829335914406811 0.251628823627413 9 4 13
127 0.810589266396644 0.324580070675358 9 4 13
128 0.198171508865544 0.335511640586283 9 4 13
129 0.146185359081844 0.283464701416474 9 4 13
130 1.08942174012473 0.166451028340597 9 4 13
131 1.1919005960504 -0.016304104995652 9 4 13
132 -0.583346565565392 -0.241138479298147 9 4 13
133 -1.96226321552011 -0.456613952026785 9 4 13
134 -0.833339508371689 -0.619841689466081 9 4 13
135 -0.850258319904586 -0.721684717081897 9 4 13
136 -0.865251467667086 -0.765772552527103 9 4 13
137 -0.616465924978807 -0.759979263967919 9 4 13
138 -0.444045456629469 -0.714143886758944 9 4 13
139 -0.880375915323199 -0.634284699741677 9 4 13
140 -1.33376505246861 -0.521403018739276 9 4 13
141 -0.107932668585968 -0.384332962248199 9 4 13
142 0.392771480679005 -0.24842535965619 9 4 13
143 -0.522651991685181 -0.134236650088163 9 4 13
144 0.32053521037941 -0.0497386248897879 9 4 13
145 -0.224734757933562 -0.00568493935530096 9 4 13
146 0.697705449790816 -0.00834684001401897 9 4 13
147 0.635314339326948 -0.0629687655198469 9 4 13
148 -0.256371831238734 -0.157845901060222 9 4 13
149 -1.84069700906259 -0.263825382235038 9 5 14
150 0.158065167514591 -0.358284255112493 9 5 14
151 -0.538780746517394 -0.44881816133745 9 5 14
152 -0.836081263087594 -0.540977798975138 9 5 14
153 0.0837756527288183 -0.641025015397705 9 5 14
154 -0.618079510980663 -0.758020890058034 9 5 14
155 -1.15087154956863 -0.886947419692477 10 5 15
156 -0.993704238260686 -1.01754990593319 10 5 15
157 -0.93279800441339 -1.14414984629658 10 5 15
158 -1.25882534790093 -1.26084908742292 10 5 15
159 -0.868335053574186 -1.35727914200906 10 5 15
160 -2.05951485211503 -1.41943692129622 10 5 15
161 -2.28286396591282 -1.42655838721343 10 5 15
162 -2.07330431893734 -1.37290076395846 10 5 15
163 -0.90616274243005 -1.27717307805203 10 5 15
164 -0.412445575102614 -1.17494878230018 10 5 15
165 -0.0843389528840753 -1.09386841224256 10 5 15
166 -1.09351572302708 -1.03884028977931 10 5 15
167 -1.17181018031425 -0.990422309511479 10 5 15
168 -0.938612187502898 -0.926045461075111 10 5 15
169 -1.4824791011116 -0.82720838796176 10 5 15
170 -0.780673415383431 -0.679960357800752 10 5 15
171 -1.10137943142493 -0.484380065451318 10 7 17
172 -0.909377628230762 -0.249140898454274 10 7 17
173 0.924695359831818 0.00051672101994471 10 7 17
174 -0.0179652149858009 0.227378310401435 10 7 17
175 0.465631906515683 0.408550097558489 10 7 17
176 1.73505296518455 0.521137727226271 10 7 17
177 0.538977749640168 0.548387875498882 11 7 18
178 0.57643272521268 0.498705164773794 11 7 18
179 0.111566246340532 0.386928233810373 11 7 18
180 0.461525417543327 0.228029830489354 11 7 18
181 0.0492580864584654 0.0329282290046551 11 7 18
182 1.43134127290208 -0.183995271888521 11 7 18
183 -1.50557996117002 -0.398538273014065 11 7 18
184 -1.45489644828914 -0.558942804196864 11 7 18
185 -1.11766923957341 -0.632479868399963 11 7 18
186 -1.67801158705285 -0.612977646706242 11 7 18
187 -0.832327762839927 -0.514283335885867 11 7 18
188 1.87758868447984 -0.376223194089608 11 7 18
189 -1.31222458125289 -0.239051385768165 11 7 18
190 -0.396350292870888 -0.103904815966304 11 7 18
191 0.381282981418769 0.0161180754830664 11 7 18
192 0.669532114031758 0.0982843106753591 11 7 18
193 0.967185619326648 0.128785717261297 11 7 18
194 -0.969978093995677 0.111713154345864 11 7 18
195 1.4017946358614 0.0657451044757549 11 7 18
196 -1.49694220145231 -0.00148301853043908 11 7 18
197 0.776677259774216 -0.0681386736154722 11 7 18
198 0.448269717320632 -0.131891286680734 11 7 18
199 -1.60512884614918 -0.177768205732403 12 7 19
200 -0.472501116734415 -0.181878964640676 12 7 19
201 0.225469246833786 -0.148141458782409 12 7 19
202 -0.180036510322446 -0.0918446273562573 12 7 19
203 -0.135884315513948 -0.0225533579376873 12 7 19
204 0.777406680960091 0.04969292694938 12 7 19
205 -0.684117727373901 0.11581014692472 12 7 19
206 0.811999759456581 0.176963458459609 12 7 19
207 0.0444407721893932 0.224892963523689 12 7 19
208 0.383949223908535 0.259341583906948 12 7 19
209 1.11945379445322 0.280246365557073 12 7 19
210 -0.430127280421871 0.293481626135861 12 7 19
211 0.860525890871997 0.319071508577066 12 7 19
212 -0.024915005145021 0.369273307593107 12 7 19
213 -0.305405695008947 0.46172148494664 12 7 19
214 -0.0521335117092955 0.604802641583425 12 7 19
215 0.753730014676397 0.785766425646761 12 7 19
216 0.613815907736886 0.974279755531809 12 7 19
217 1.91043687708087 1.1341320010418 12 7 19
218 1.68908781061011 1.22553336333373 12 7 19
219 2.77264448447634 1.22515519342353 13 7 20
220 0.676777976578689 1.13110532405798 13 7 20
221 0.557595688265049 0.973298270591403 13 7 20
222 1.01839286994316 0.778131278780669 13 7 20
223 0.412070491177949 0.562371746420914 13 7 20
224 0.712567297659703 0.344813949641624 13 7 20
225 0.223359086010629 0.144287104799552 13 7 20
226 -0.439145191778596 -0.0131975801726403 13 7 20
227 -2.06016504189693 -0.100304674215988 13 7 20
228 0.780429631352379 -0.108090450141598 13 7 20
229 0.0225956615608005 -0.0654603107355508 13 7 20
230 -0.535117635207191 0.00731173759080816 13 8 21
231 0.809378147100795 0.0935345905998956 13 8 21
232 0.192429118824341 0.169509425525443 13 8 21
233 1.37718545544992 0.223563285026516 13 7 20
234 -0.128186508279695 0.254085422854221 13 7 20
235 0.713041557414014 0.281297283667025 13 7 20
236 -1.84521712227445 0.325709066142752 13 7 20
237 0.651492572140476 0.40359180638996 13 7 20
238 0.383625988606498 0.490149429739616 13 7 20
239 1.83984394620578 0.5539884590448 13 7 20
240 0.434645022992416 0.56939859541299 13 7 20
241 0.937744247934763 0.535821392422314 13 7 20
242 0.375939338905741 0.458592465202937 13 7 20
243 0.262322381936206 0.350180681107567 13 7 20
244 1.4163023663361 0.222970003518582 13 7 20
245 -2.13534615985435 0.0932399241300943 13 7 20
246 -0.260264069735677 -0.0101243159237332 13 7 20
247 0.994404125890922 -0.0991357424738532 13 8 21
248 0.242346018741031 -0.196764712971064 13 8 21
249 -0.570327430885101 -0.302569142876661 13 8 21
250 -1.41935485028402 -0.402858108478209 13 8 21
251 0.661337731976203 -0.49239837063291 13 8 21
252 0.248671653363168 -0.582272633957515 13 8 21
253 -1.29899119609719 -0.660837344566436 13 8 21
254 -0.785095701302162 -0.696750020350143 13 8 21
255 -2.00885252563163 -0.667954986529294 13 8 21
256 -0.977537162980654 -0.564363786658706 13 8 21
257 -0.327799448948485 -0.405980579591229 13 9 22
258 0.103552642159906 -0.227767866091874 13 9 22
259 0.502906104213266 -0.0635035940675549 13 9 22
260 1.11846064481061 0.063141283016078 13 9 22
261 -0.135489287163606 0.147234868847763 14 9 23
262 0.0974301004796874 0.206959264355545 14 9 23
263 0.355174047679385 0.259546829163822 14 9 23
264 0.292801533104676 0.319022086274048 14 9 23
265 -1.29474224969772 0.400675626907864 14 9 23
266 1.263677483307 0.511051732023959 14 9 23
267 0.689052813361779 0.625626412084381 14 9 23
268 0.877850888288732 0.726948524047118 14 9 23
269 1.33838062233228 0.80350444246722 14 9 23
270 0.519588350203759 0.849947294344945 14 9 23
271 0.835089461981508 0.870986792582104 15 9 24
272 1.12699313887953 0.867112800285606 15 9 24
273 1.40119279539131 0.837716844015037 15 9 24
274 0.468057864285214 0.790230903622098 15 9 24
275 1.06087197190449 0.743331644684822 15 9 24
276 -1.4304222869491 0.713604035433661 15 9 24
277 2.36868423945149 0.711496429810283 15 9 24
278 0.0718400566285956 0.713586933845369 15 9 24
279 1.96843173587082 0.716171148250778 15 9 24
280 -0.33568547241333 0.717301766981414 15 9 24
281 0.845370561123727 0.732036487484391 15 9 24
282 0.541376544495373 0.760828974831571 15 9 24
283 0.893712195486382 0.799930250655387 15 9 24
284 0.905918958398998 0.84215015129264 15 9 24
285 0.399837694020512 0.881424433899018 15 9 24
286 1.08631583915065 0.911007848739886 15 9 24
287 1.56428327461538 0.915498125377501 15 9 24
288 2.46330682533496 0.883948723031594 15 9 24
289 -1.39115435161064 0.827731024521252 15 9 24
290 0.873589655686268 0.782573954162184 15 9 24
291 1.55575821890213 0.747238268777308 15 9 24
292 0.019997492941508 0.715116371237526 15 9 24
293 0.970032639691343 0.69309450943814 15 9 24
294 1.00689693232726 0.679362160989274 15 9 24
295 -1.24303098590425 0.675906448613602 15 9 24
296 1.83666997136122 0.683011791548384 15 9 24
297 0.432272262382032 0.669179669014062 15 9 24
298 2.24040480837716 0.615527072580371 15 9 24
299 0.679433061534961 0.512564980629006 16 9 25
300 -0.0809804809867515 0.38379260908419 16 9 25
301 0.673374874547385 0.262086078657845 16 9 25
302 -0.618229406763434 0.173749305296076 16 9 25
303 -0.255443036288773 0.147079019249366 16 9 25
304 -0.791462246880447 0.194163040547341 16 9 25
305 -0.551991816606108 0.309707668252187 16 9 25
306 2.43702827125415 0.46170462593083 16 9 25
307 -0.182887249864973 0.605538787087857 16 9 25
308 1.25250850017097 0.728668430652436 17 9 26
309 0.418350366996602 0.815193529215568 17 9 26
310 1.41533266042999 0.85388353716745 17 9 26
311 1.95437110223612 0.830931826554147 17 9 26
312 1.84137458162583 0.747782477288135 17 9 26
313 -0.383011642066392 0.637427732488818 17 9 26
314 -0.773494498037471 0.555832250186676 17 9 26
315 0.546810575945865 0.536808563813797 17 9 26
316 0.415789390155627 0.581702909986407 17 9 26
317 0.670569893808343 0.684395041448727 17 9 26
318 0.987417143953385 0.835340028758455 17 9 26
319 -0.287159340997914 1.02463821540453 17 9 26
320 1.96670916504235 1.2387095596036 17 9 26
321 0.630633172798824 1.44156729842188 17 9 26
322 1.84475908776798 1.6012742269987 17 9 26
323 3.7088109329999 1.67423470345257 17 9 26
324 2.25548090672146 1.62812840468476 17 9 26
325 1.92776931285326 1.47685898108959 17 9 26
326 0.787176328569681 1.25995782424094 17 9 26
327 0.151736942384126 1.02700349248734 17 9 26
328 2.61458556999676 0.815694302468914 17 10 27
329 -0.453600853763646 0.652569336664917 17 10 27
330 -2.24343125808026 0.590920249794944 17 9 26
331 -0.258384164768764 0.656023886169838 17 9 26
332 2.30240089049068 0.804620142665137 17 9 26
333 1.16270694773441 0.967824733718411 17 9 26
334 1.17304868239144 1.10380080620086 17 9 26
335 2.14863668121405 1.18275118927262 17 9 26
336 2.1466701064875 1.18225554571162 17 9 26
337 0.831625724435393 1.10502004196659 17 9 26
338 0.798048110648497 0.977096683580013 18 9 27
339 1.37532042719433 0.822956110221985 18 9 27
340 -0.278340803405276 0.664825657653463 18 9 27
341 0.259768843450894 0.530511067951206 18 9 27
342 -0.136903499401374 0.429906287727823 18 9 27
343 1.0172758587626 0.35960141912682 18 9 27
344 -0.689653305295354 0.306539113387215 18 9 27
345 0.510577877202697 0.26314013824223 19 10 29
346 1.54223135186704 0.206024200455128 19 10 29
347 -1.09749835046148 0.118633748846448 19 10 29
348 2.50827139191114 0.0068642368677585 20 10 30
349 -0.428751388631923 -0.12865775760389 20 10 30
350 -3.12738242963338 -0.243748354352075 20 10 30
351 0.517151234900734 -0.302343661160566 20 10 30
352 -0.0894832216330166 -0.324896077159184 20 10 30
353 -0.648817542758527 -0.328626846608697 20 10 30
354 0.833148921499784 -0.323363980052469 20 10 30
355 1.0051297313648 -0.318365134704657 20 10 30
356 -1.99672871330082 -0.294004952719517 20 10 30
357 -1.12347226512942 -0.206298295562402 20 10 30
358 -0.78431308295714 -0.0441205186632581 20 10 30
359 0.811183668511074 0.172295653370451 20 10 30
360 -0.222388031568 0.406098594397931 20 10 30
361 1.32718188577359 0.626526267984647 20 10 30
362 1.25197101439352 0.796791028877471 20 11 31
363 1.9161829862999 0.893595686460655 20 11 31
364 0.279865349006186 0.911826362156087 20 11 31
365 1.26230159151706 0.866448854872226 20 11 31
366 -0.0468196226189207 0.766736849858473 20 11 31
367 1.35447962374184 0.622671534086939 20 11 31
368 1.59918471170258 0.433323146065866 20 11 31
369 -0.126223652730981 0.214588526383068 20 11 31
370 -0.432963143253071 0.00829777250518898 20 11 31
371 -1.31993354602064 -0.146995784121702 20 11 31
372 -0.521234060269581 -0.229561597608194 20 11 31
373 -0.159688562513423 -0.245502012399542 20 11 31
374 -0.811091931037091 -0.212483209193513 20 11 31
375 0.207305843404555 -0.150978048675124 20 11 31
376 1.15560354261459 -0.0914661544586086 20 11 31
377 -0.438246150251288 -0.0537469255096005 20 11 31
378 -1.11411996093717 -0.0321604792672563 20 11 31
379 1.2354397928553 -0.0280909197890693 20 11 31
380 -0.720669942241275 -0.0606174360181384 20 11 31
381 1.72139479825585 -0.131825487644804 20 11 31
382 -0.137200700458589 -0.24135550500507 20 11 31
383 -0.840522144895482 -0.353666209568985 20 11 31
384 -0.404007189148992 -0.424068217176743 20 11 31
385 -2.50940565044433 -0.417226631744881 21 11 32
386 -0.173422241668262 -0.310627316152183 21 11 32
387 -0.626017602935151 -0.123887318913082 21 11 32
388 0.128782258930644 0.112881346833332 21 11 32
389 -0.2059769523899 0.360046931438718 21 11 32
390 2.45292046054395 0.572823552359981 22 11 33
391 0.868031762697827 0.704536696761385 22 11 33
392 1.59885775722271 0.745032056164355 22 11 33
393 1.39390861239656 0.70153792386456 22 11 33
394 0.166909739352051 0.603197041401902 22 11 33
395 -0.629067716241765 0.495504071143992 22 11 33
396 0.187412430791181 0.412782158821321 22 11 33
397 0.144711639998768 0.362879885156378 22 11 33
398 0.369373419563368 0.342131225621206 22 11 33
399 -0.103231777499182 0.341376108300773 22 11 33
400 0.045369567139354 0.348612994722178 22 11 33
401 0.719437856414954 0.341299493214961 22 11 33
402 1.82689660457379 0.290328663759847 22 11 33
403 0.973649992198061 0.180682076248739 22 11 33
404 -1.54672780147539 0.0348851952220179 22 11 33
405 -0.0102599693958849 -0.108493439231396 22 11 33
406 -0.305932023252902 -0.238772390131046 22 11 33
407 -0.600976202395005 -0.351713659317069 22 11 33
408 -0.284173582383943 -0.445232472951976 22 11 33
409 -0.231289519742439 -0.521877930506842 22 11 33
410 -0.728217853692756 -0.580681663043666 22 11 33
411 -1.4689038847647 -0.614642132737383 22 11 33
412 0.0435454498399168 -0.622677794564137 22 11 33
413 -1.15250001228181 -0.618577965733657 22 11 33
414 0.037697794149923 -0.609581442949981 22 11 33
415 0.202206204789594 -0.607145481127101 22 11 33
416 -1.86146230028894 -0.608029962064818 22 11 33
417 -0.388919933271196 -0.595494370429349 22 11 33
418 -0.771858596968625 -0.573310060359277 22 11 33
419 0.155218147149896 -0.548458631690108 22 11 33
420 -0.559697062196024 -0.527326220367478 22 11 33
421 -1.37695126054883 -0.50304210256746 22 11 33
422 -1.15158237486534 -0.470273331569378 23 11 34
423 0.47243439140046 -0.445284059359547 23 11 34
424 0.435584975475872 -0.458096263161973 23 11 34
425 0.132918501325654 -0.518807819270998 23 11 34
426 -0.419835023746157 -0.611122974305951 23 11 34
427 -3.64293726923374 -0.699803760145668 23 11 34
428 0.9234879597138 -0.757443097150636 23 11 34
429 -0.384309431121873 -0.807430295081855 23 11 34
430 -1.47968155872822 -0.851586322709203 23 11 34
431 -0.617703078519479 -0.877646505406382 23 11 34
432 -0.833625551895409 -0.882731999279022 23 11 34
433 -1.3884323214534 -0.861599772010209 23 11 34
434 -1.83937690494012 -0.809368323506211 23 11 34
435 0.225641457683548 -0.737001210282931 23 11 34
436 -0.722279809065298 -0.674364951733864 23 11 34
437 -0.571813436171176 -0.637100209983192 23 11 34
438 -0.432651065484529 -0.636556925387917 23 11 34
439 0.429440118728664 -0.681944792344307 23 11 34
440 -0.5775818604572 -0.772251466995396 23 11 34
441 -0.356515118332328 -0.881610491575041 23 11 34
442 -2.86364093096091 -0.971763747853511 23 11 34
443 -1.22599203201123 -1.0023845188551 23 11 34
444 0.261536044413352 -0.970426479646693 23 11 34
445 -3.09123268147201 -0.880818314070788 23 13 36
446 -1.13988706348536 -0.72569340917661 23 13 36
447 0.509377915440343 -0.538354000543317 23 13 36
448 0.496050422169342 -0.366568352228845 23 13 36
449 -1.14990928201818 -0.23430120588855 23 13 36
450 0.988357096436842 -0.147135757725884 24 13 37
451 -0.448877647609869 -0.119194475765069 24 13 37
452 0.776736766619524 -0.147685270353351 24 13 37
453 -0.780880227503182 -0.226013205188277 24 12 36
454 -0.332902806741277 -0.333149737509657 24 12 36
455 -1.24610341427785 -0.454709660671346 24 12 36
456 -0.000174524839921697 -0.583210075038928 24 12 36
457 -0.0913036197546224 -0.72441726917981 24 12 36
458 -0.669015594784779 -0.87294391228262 24 12 36
459 -2.72221106531267 -1.0063714505437 24 12 36
460 0.0931205185654118 -1.10365131493344 24 12 36
461 -0.180604878192054 -1.17176266258735 24 12 36
462 -3.44345190928073 -1.19684132078105 24 12 36
463 -1.20442924572853 -1.15006794329775 24 12 36
464 -0.929819684155081 -1.04392418748036 24 12 36
465 -1.39346388619788 -0.902948805895448 24 12 36
466 0.0976257550659432 -0.752134411998482 24 12 36
467 -1.16471421355009 -0.621595146673981 24 12 36
468 0.837586084129841 -0.529308758137731 24 12 36
469 -1.52131853549922 -0.493026322972689 24 12 36
470 0.446373806972888 -0.510508516357988 25 12 37
471 -0.515724516592951 -0.588696997767773 25 12 37
472 0.348957397883871 -0.719796736487702 25 12 37
473 -2.25554391287758 -0.884121971839535 25 12 37
474 -0.370158408549703 -1.04671481696421 25 12 37
475 -2.08469871008228 -1.19180845693181 25 12 37
476 -1.78023900072478 -1.30136871389648 25 12 37
477 -0.818966796968441 -1.37467203722493 25 12 37
478 -0.639852828560949 -1.42255282238244 25 12 37
479 -3.38045151999111 -1.44288176308979 25 12 37
480 -0.75747100885405 -1.4245561409759 25 15 40
481 -0.942722395653086 -1.38879971826243 25 15 40
482 -2.30038833709364 -1.35079810243723 25 15 40
483 0.435363286644795 -1.31803146635206 25 15 40
484 -1.23584463020262 -1.30618353810485 25 16 41
485 -2.58735455736247 -1.29946412835765 25 16 41
486 -1.21471778322641 -1.27825106979794 25 16 41
487 -0.969933463861697 -1.24866688203299 25 16 41
488 -1.43055730602054 -1.22070794990754 25 16 41
489 -1.80776214670193 -1.19940088944523 25 16 41
490 -0.306940049606833 -1.19577033414009 26 16 42
491 -0.0885469883273917 -1.22984269585213 25 17 42
492 -0.220011551779785 -1.30066842535015 25 17 42
493 -3.4024502455803 -1.37376998562128 25 17 42
494 -1.87759105512116 -1.39704434615578 25 17 42
495 -3.0730953122876 -1.35694433038355 25 17 42
496 0.172938172916973 -1.26899901397235 25 17 42
497 -1.0473102837324 -1.17902559253654 25 17 42
498 0.488413250449901 -1.11137758106075 25 17 42
499 -0.539321951472676 -1.07209882975559 25 17 42
500 -2.09616489427553 -1.03099108997037 25 17 42
501 -1.70013158367167 -0.944178853150079 25 17 42
502 -2.64741753734994 -0.790792389869008 25 17 42
503 -0.273595282184509 -0.580467617591896 25 17 42
504 0.742847075064086 -0.36324836780464 25 17 42
505 0.732554818388372 -0.186731294567017 25 17 42
506 -0.439468427080633 -0.0695213440495651 25 17 42
507 -0.174892241573505 -0.00757980517105599 25 17 42
508 1.07903165615589 -0.000602227482150219 25 18 43
509 0.881065774089444 -0.0480766866919339 25 18 43
510 -2.08826399409935 -0.123424994307354 25 18 43
511 0.843614517694763 -0.185541837720029 25 18 43
512 -1.0344793652827 -0.223598960926851 25 18 43
513 0.00711337733266193 -0.219888207233073 25 18 43
514 -1.20915617106014 -0.166898156001823 25 18 43
515 0.60469273073137 -0.0619666562496545 25 18 43
516 0.468399695476409 0.0807632176412297 25 18 43
517 -2.01204509636535 0.257471613172072 24 18 42
518 1.53564311745768 0.464070279231903 24 18 42
519 1.15661900732418 0.657380243621766 24 18 42
520 1.21183491961992 0.807131658386619 24 18 42
521 1.77731409749264 0.900875078424737 24 18 42
522 0.326886879246369 0.941525147726087 24 18 42
523 -0.0556158451445689 0.948906660101878 24 18 42
524 0.951978221088735 0.929572932894093 24 18 42
525 1.69862833103295 0.866422706620602 24 18 42
526 1.5547390350147 0.741930427785214 24 18 42
527 1.37963744746427 0.559935319010728 24 18 42
528 -0.158951702971885 0.34943357204913 24 20 44
529 -0.75103638940529 0.157806171422237 24 20 44
530 0.419869844883161 0.0215430787519891 24 20 44
531 -1.92243919851504 -0.0420827345882351 24 20 44
532 0.507817526597635 -0.0219341619440332 24 20 44
533 0.0562190341511809 0.0592968543585102 24 20 44
534 -0.82910171950572 0.180127043725965 24 20 44
535 1.54960592379925 0.316549875169992 24 20 44
536 0.29651299372669 0.430157027906317 24 20 44
537 0.819520507993737 0.501982529053767 24 20 44
538 0.729820502028131 0.518273375244844 24 20 44
539 1.01349632427012 0.472193143739843 24 20 44
540 1.51019181185586 0.365653552704796 26 20 46
541 -0.564950315771588 0.218633344372077 26 20 46
542 -0.650645379235796 0.073357691532324 26 20 46
543 -1.51836624948574 -0.0418721549723375 26 20 46
544 0.468418291365567 -0.125209734533762 26 20 46
545 0.87030297683725 -0.205779808827253 26 20 46
546 -1.46909953935095 -0.302578452471906 26 20 46
547 0.734235349591198 -0.415456532962901 26 20 46
548 -1.3887518375776 -0.556785622476556 26 20 46
549 0.77148351304396 -0.725595813989992 26 20 46
550 0.0484754681134436 -0.924411745674492 26 20 46
551 -1.40960751774142 -1.1243102507727 26 20 46
552 -2.83220323141983 -1.27018406801594 26 20 46
553 -2.69924894350353 -1.31580384152904 26 20 46
554 -0.0210945596963843 -1.25555971296877 27 20 47
555 -1.35253773472359 -1.11391507162444 27 20 47
556 -2.45382559189041 -0.898320686056888 27 20 47
557 -0.226991095361659 -0.6227717972961 27 20 47
558 -0.437400305883128 -0.332381148169339 27 20 47
559 0.495411389920932 -0.0726586107183145 27 20 47
560 2.0398742302919 0.113675930951224 27 20 47
561 1.42410172004131 0.204905252151484 27 20 47
562 -2.03215647863197 0.228013847038237 27 20 47
563 0.303459064708078 0.233294411615588 27 20 47
564 -0.053885835960427 0.231269283351862 27 20 47
565 0.405301478893657 0.220841280744959 27 20 47
566 0.926316384189336 0.196367369085649 27 22 49
567 0.160705375759536 0.158272358170083 27 22 49
568 -0.238073408738058 0.122920813020055 27 22 49
569 -0.743233316522246 0.108620259596815 27 22 49
570 -0.0123280905933898 0.121911294288716 27 22 49
571 1.09086198660732 0.149310865508571 27 22 49
572 -0.447162515137054 0.175041126727825 27 22 49
573 0.745073659069529 0.198766670831075 27 22 49
574 -1.33282881916298 0.215016398164731 27 22 49
575 1.01830620018352 0.218397089744174 27 22 49
576 1.53638369617704 0.178656027096171 27 22 49
577 -0.0481062541409079 0.0809816866161666 27 22 49
578 -0.41852607715718 -0.0581307801126269 27 22 49
579 1.07748986320234 -0.219718413337471 27 22 49
580 -1.71326714153425 -0.38622132218813 27 22 49
581 -0.0111281288310354 -0.522114725744265 27 22 49
582 -0.794421971249597 -0.609831531638258 27 22 49
583 -2.14006192765246 -0.629073478595237 27 22 49
584 -0.12895424991339 -0.568461475551095 27 22 49
585 -0.184620978226946 -0.446318736607269 27 22 49
586 -1.31859112683118 -0.278358249398889 27 22 49
587 -0.167687289982722 -0.0780043359214473 27 22 49
588 0.658475834900181 0.120852407204746 27 22 49
589 0.844220077342688 0.279902026376726 27 22 49
590 1.23575930897951 0.374303539913351 27 22 49
591 -0.430691929113647 0.397975919628749 27 23 50
592 -0.0987116642873238 0.36116159321186 27 23 50
593 1.07780937932655 0.259156555147498 27 23 50
594 1.1147491841886 0.0777673714463065 27 23 50
595 -0.110049139095285 -0.177437044835532 27 23 50
596 0.340530169463743 -0.475059572444451 27 23 50
597 -0.570113180409687 -0.772814932025762 27 23 50
598 -2.4679914911739 -1.01029360925165 27 23 50
599 -2.95109947620975 -1.12622053215431 27 23 50
600 -0.578826452353535 -1.09756021005112 27 24 51
601 -1.70524981817579 -0.943547022649265 27 24 51
602 -1.06719997716794 -0.68604049899509 27 24 51
603 -0.0624901230776515 -0.361826837653013 27 24 51
604 1.11363589218588 -0.0178871277850341 26 25 51
605 0.105169947339593 0.308790825057902 26 25 51
606 1.13106243607357 0.60493271878279 26 25 51
607 1.74705291597741 0.861590371448256 26 25 51
608 -0.541710717463889 1.08411181839308 26 25 51
609 1.51955527358161 1.2903752796876 26 25 51
610 0.77812494461247 1.47061098225385 26 25 51
611 1.97913017843038 1.60785790303933 26 25 51
612 2.26915766953932 1.67402382224875 26 25 51
613 2.89445954267927 1.64813670003276 26 25 51
614 1.47795661725843 1.52973804520429 26 25 51
615 0.957186844530317 1.34673565007224 25 25 50
616 2.02978506655811 1.13037051293037 26 25 51
617 -0.523497836053342 0.908237890614634 26 25 51
618 0.307155648618766 0.717047231683507 26 25 51
619 0.603034514595534 0.566635908226046 26 25 51
620 1.95999706909503 0.45126985474386 26 25 51
621 -1.63088479116388 0.37159990900279 26 25 51
622 -0.116683132308132 0.349153164210843 26 25 51
623 0.938331211693529 0.36971028771035 26 25 51
624 0.373668124766317 0.402134676040395 26 25 51
625 1.42573018275449 0.424423451212556 26 25 51
626 1.13496211292618 0.422044473716021 26 25 51
627 -1.49816819745949 0.404527334386073 26 25 51
628 0.394128776579794 0.391408100746492 26 25 51
629 1.27761425540376 0.366845338793007 26 25 51
630 -0.0402808661908738 0.309964088979751 26 25 51
631 1.64094555001154 0.216798157902105 26 25 51
632 -1.94094071395764 0.088173179625896 26 25 51
633 0.838477687301486 -0.0580652136439929 26 25 51
634 0.166259549570146 -0.233808216181597 26 25 51
635 0.947585688592659 -0.440905431918466 26 25 51
636 -0.852018082511381 -0.661271799128189 26 25 51
637 -1.60644151191599 -0.84725207400232 26 25 51
638 -1.53867328633861 -0.951876913798216 26 25 51
639 -2.16997271095132 -0.947747331688957 26 25 51
640 -1.28899242130086 -0.829673459055304 26 25 51
641 -1.05327064342685 -0.622916723648236 26 25 51
642 0.0246675019361374 -0.370644250212451 26 25 51
643 0.63486352330913 -0.12518378475167 26 25 51
644 0.76294729979721 0.0709415513546839 26 25 51
645 0.673254732187267 0.196385987007627 26 25 51
646 0.528372286526409 0.250352232925454 26 25 51
647 0.414349143673036 0.246806838132046 26 25 51
648 0.710032355063549 0.208728530962869 26 25 51
649 -1.34460336194694 0.166533077435423 26 25 51
650 0.238239529768675 0.154030879607661 27 25 52
651 0.327108568077447 0.177023212595925 27 25 52
652 -0.512190114668034 0.236056316786658 27 25 52
653 -0.678781523216537 0.331349620231101 27 25 52
654 0.957035820078043 0.443353474079934 27 25 52
655 1.31057143283141 0.53058366804591 27 25 52
656 1.66936401833817 0.560917550635688 27 25 52
657 1.93867456753257 0.526563063381039 27 25 52
658 -1.5383760852814 0.453724140941046 27 25 52
659 -0.960197288852592 0.393051843368996 26 25 51
660 -0.35366065961197 0.35461508781417 26 25 51
661 1.60336671290108 0.306854820216251 26 25 51
662 1.8210489488838 0.203384837160491 26 25 51
663 0.65456500051408 0.0290933074533583 26 25 51
664 0.397885996005292 -0.188070767190775 26 25 51
665 -2.62841200873038 -0.396015436265103 26 25 51
666 -1.8177646406761 -0.538867862529451 26 25 51
667 0.543644039456965 -0.610126323881665 26 25 51
668 -0.0562362815038206 -0.63507027599022 26 25 51
669 -1.62275476380096 -0.618892054843565 26 25 51
670 0.691752528452031 -0.554135360992899 27 25 52
671 -2.99157853084405 -0.444584054578935 27 25 52
672 -0.135071943746273 -0.28667114872108 27 25 52
673 1.39411914369414 -0.121931776313143 27 25 52
674 -0.0930931357840709 0.00592067165768829 27 25 52
675 1.13980174226224 0.0845567348121752 27 25 52
676 -0.647896186164229 0.112807645455787 27 25 52
677 1.11745633763452 0.106750551077335 27 25 52
678 -0.98573526421404 0.0774505171219759 27 25 52
679 -0.0560071543170795 0.0473574802718562 27 25 52
680 -0.71755288373369 0.0217568384197675 27 25 52
681 0.691512243731795 -0.00543559464809562 27 25 52
682 -0.0200258978276431 -0.0524314146495978 27 25 52
683 0.589011072739144 -0.126765632409191 27 25 52
684 -0.540728725354781 -0.228059809653528 27 25 52
685 -0.142634731909081 -0.342683493418157 27 25 52
686 0.34175616547092 -0.458724275154855 27 26 53
687 -2.03204377462752 -0.557661261318931 27 26 53
688 -0.774096338507564 -0.611083518411476 27 26 53
689 0.0569930854710355 -0.617568363188441 27 26 53
690 -1.37358535029584 -0.583142357483606 27 26 53
691 -0.342037141280289 -0.504879920590327 27 26 53
692 0.123701216204841 -0.391781303318694 27 26 53
693 -0.904060019962556 -0.250915474333861 27 26 53
694 -1.05542543438399 -0.081287715086524 28 26 54
695 0.800123670201666 0.102338854320942 28 26 54
696 -0.0287998052863003 0.265437788017814 28 27 55
697 0.854181660360701 0.381295614810443 28 27 55
698 1.04169310376567 0.423166644679317 28 27 55
699 0.966467355674269 0.375674150918015 28 27 55
700 0.309291843686745 0.24159302203153 29 27 56
701 1.14554785148128 0.0393439530330626 29 27 56
702 -1.15255579994928 -0.202556041078321 29 27 56
703 -1.26926119067325 -0.437414063684964 29 27 56
704 1.13352186644359 -0.636626531166521 29 27 56
705 -1.87816686134643 -0.784453969008773 30 27 57
706 -2.7377156646078 -0.838707532966739 30 27 57
707 -0.867297273797601 -0.780305953902456 30 27 57
708 0.166800754525429 -0.635199513264694 30 27 57
709 -0.80222504413264 -0.436752339258868 30 27 57
710 -0.305416852542442 -0.20419049151308 31 27 58
711 -0.323692959976129 0.0393548429859397 31 27 58
712 1.12790705711817 0.264937112200561 31 27 58
713 1.31294419344179 0.440067225651902 31 27 58
714 1.78461687637655 0.552582770310049 31 27 58
715 -0.100990316782412 0.618984525594896 31 27 58
716 -0.816398381771802 0.681842988099409 31 27 58
717 0.424581893503443 0.767586657199858 31 27 58
718 1.35356942468103 0.866441493958589 31 27 58
719 1.5893097984442 0.956406118610795 31 27 58
720 0.922029117342052 1.02696395547376 31 28 59
721 0.254722401995081 1.08254855073669 31 28 59
722 2.425739145758 1.12443975283875 31 28 59
723 0.834502498222742 1.14306610725292 31 28 59
724 1.576490037528 1.14973233819065 31 28 59
725 1.37337616753477 1.15827676520198 32 28 60
726 -1.57033639388861 1.1908165713502 32 26 58
727 1.14536335442852 1.26190617440072 32 26 58
728 2.45111121995584 1.32993813416736 32 26 58
729 2.39835101885229 1.34249880135705 32 26 58
730 1.31671257040078 1.27500391429963 32 26 58
731 1.3986280993725 1.13050511124785 32 26 58
732 1.00115082310822 0.919703055402328 32 26 58
733 2.26757496562962 0.659433024905878 32 26 58
734 -0.4805333168042 0.377828574139421 32 26 58
735 -0.871772756875479 0.13204120123163 32 26 58
736 -1.1310313341144 -0.0352932004433388 32 26 58
737 1.35113602855584 -0.112166219939776 31 26 57
738 -2.72286497427241 -0.106699898420813 31 26 57
739 0.407249457731045 -0.0160296971139726 30 26 56
740 1.20742007205685 0.118696642856783 30 26 56
741 0.549694788088877 0.257181423058463 30 26 56
742 0.250217165494549 0.385143546737256 30 26 56
743 0.74024146808913 0.499198937801988 30 26 56
744 0.119971159693669 0.595931967732939 30 26 56
745 1.09432200497561 0.673739626833449 30 26 56
746 0.861349420173167 0.724645350069663 30 26 56
747 -0.315697951684661 0.747563590264647 30 26 56
748 1.60191158970716 0.740916948382238 30 26 56
749 1.15970259323128 0.686425536976111 30 26 56
750 1.87483577223044 0.580452699061878 30 26 56
751 -1.48111064767731 0.440133689222123 30 26 56
752 0.748341742029389 0.3017393588454 30 26 56
753 1.68331194796842 0.17104321395105 30 26 56
754 -2.62133463785537 0.0608860781205207 30 26 56
755 1.77761873690551 0.00367480147240129 30 26 56
756 -1.43926313960872 -0.00637050763721603 30 26 56
757 -0.523599382524301 0.0402633975159639 30 26 56
758 0.981964516613735 0.1298909730961 29 26 55
759 -0.391649401784101 0.234274382179614 29 26 55
760 0.86814446670228 0.336558473759455 29 26 55
761 1.00093285345498 0.414141434799833 29 26 55
762 -0.166145497029173 0.455130486595015 29 26 55
763 0.71060816128882 0.459215473170817 29 26 55
764 1.80245332532591 0.417636246746124 29 26 55
765 1.27905450188635 0.33070959234776 29 26 55
766 -0.964198512176158 0.233328686508966 29 26 55
767 -1.99150521314791 0.1808106658413 29 23 52
768 0.472291933973352 0.197615715768909 29 24 53
769 1.23657911910285 0.258886327329783 29 24 53
770 -0.185113833870416 0.339272855811183 29 24 53
771 0.859021289696764 0.432209772376485 29 24 53
772 1.11169163252632 0.527575696275281 29 24 53
773 -0.209500196781322 0.624315217480601 29 24 53
774 -0.10170858043479 0.731272569915028 29 24 53
775 2.35103228755489 0.838902602549696 29 24 53
776 0.953034596754477 0.924045059858622 29 24 53
777 -0.380033321808084 0.990448228252543 29 26 55
778 1.32723023508541 1.04318211663295 29 26 55
779 1.32720420084058 1.06079627727677 29 26 55
780 1.23022373105806 1.02200505736596 29 26 55
781 1.9914087343913 0.913516046512722 29 26 55
782 1.0447692513171 0.733207453074621 29 26 55
783 0.116285733316477 0.503746110554987 29 26 55
784 0.0522401258946056 0.257735538908229 29 28 57
785 -0.526062532072149 0.0203715581138347 29 28 57
786 -0.0332369679163578 -0.192159034980149 29 28 57
787 -1.48858676608049 -0.375122945034706 29 28 57
788 0.621964530988958 -0.529041876344715 29 28 57
789 -0.109699869548427 -0.670568346215541 29 28 57
790 -1.81435781946696 -0.795567853581686 29 28 57
791 -0.00543893594898032 -0.887716740601799 29 28 57
792 -1.29394475464137 -0.944195645655329 29 28 57
793 -1.61626435668473 -0.951099775635896 29 28 57
794 -1.66492550717159 -0.900588326280359 29 28 57
795 -0.134312769137745 -0.804187896963109 29 28 57
796 -0.589999154667397 -0.689087517705832 29 28 57
797 -0.442823179800125 -0.572141525838913 29 27 56
798 -0.0628059200240249 -0.46407016427017 29 27 56
799 -1.15571117890469 -0.370372455575118 29 27 56
800 -1.10358629087171 -0.291678119430068 29 27 56
801 0.258415266727936 -0.246841418337471 29 27 56
802 0.829869681006429 -0.272816561144135 29 27 56
803 0.588793103085899 -0.394696382886748 29 27 56
804 0.176822973058253 -0.607304697028598 29 27 56
805 -1.90253834754601 -0.875600187190997 29 27 56
806 -0.989551990484846 -1.14867170036523 29 27 56
807 -2.33932075092706 -1.39184448016742 29 27 56
808 -1.69286227738824 -1.57730843028816 29 27 56
809 -2.16556902092175 -1.69647511608256 29 27 56
810 -2.13866631130385 -1.75039574799081 29 27 56
811 -0.416243705484261 -1.75233383143664 29 27 56
812 -2.85779699444875 -1.71907303187391 29 27 56
813 -1.49956009463026 -1.64781093005797 29 27 56
814 -0.524795625108824 -1.55149946419213 29 27 56
815 -2.69233747379213 -1.44062275092286 29 27 56
816 -0.867391381912897 -1.31025535575867 29 27 56
817 -1.55379029563906 -1.17362092477 29 27 56
818 -0.23594093284791 -1.0432269910991 29 27 56
819 -0.341645832107778 -0.932969106120328 29 27 56
820 -1.98596591604862 -0.839091390595265 30 27 57
821 -0.816075146469765 -0.747444510043241 30 27 57
822 -1.13989078266319 -0.66473477352573 30 27 57
823 0.127292534466738 -0.607399296498143 30 28 58
824 0.489067159409637 -0.598209471121128 31 28 59
825 -1.13147843095439 -0.641717846391487 31 28 59
826 -0.400358954550116 -0.718905950512367 31 28 59
827 -0.811174881618892 -0.813593758041801 31 28 59
828 -0.0879228327903085 -0.90556410434554 31 28 59
829 -2.49734247362833 -0.968720643949753 31 28 59
830 -1.02686078945242 -0.968017084040278 31 28 59
831 -0.863487985882459 -0.895886025291193 31 28 59
832 -2.07217615022329 -0.753644528832571 31 28 59
833 -0.769094527185731 -0.549011763158063 31 28 59
834 0.69031228196944 -0.317730276649118 32 28 60
835 -0.299136976723789 -0.10165245987786 32 28 60
836 0.425017832809934 0.075915047766541 32 28 60
837 0.422329275253177 0.19457582556901 32 28 60
838 0.96875344652502 0.241253441756936 32 28 60
839 1.11950214376503 0.213069498248132 32 28 60
840 0.116296890849972 0.127895447047863 33 28 61
841 -0.2206394264947 0.0258787213415489 33 28 61
842 -2.10486700868588 -0.0496854049757056 33 28 61
843 0.31193836161785 -0.0711651895915703 33 28 61
844 -0.666545006881268 -0.052406880902833 33 28 61
845 0.847950133853861 -0.0130899452981508 33 28 61
846 0.489150109991438 0.0208855413811262 33 28 61
847 0.94462968340134 0.0405423040416406 33 28 61
848 -0.466496126905987 0.0555698169472507 33 28 61
849 -1.3126158904254 0.0939362234910588 33 28 61
850 -0.324156062196945 0.170317195681276 33 29 62
851 1.08923352389414 0.26530589444353 33 29 62
852 0.66577489460626 0.346358015438105 33 29 62
853 0.621543468393793 0.396940660262419 33 29 62
854 -0.168924443523394 0.412456152449932 33 29 62
855 1.77354200135581 0.391572291001004 32 29 61
856 -0.59893039626449 0.329268097617899 32 28 60
857 0.62583445441891 0.241139626724771 32 28 60
858 -0.116566709125846 0.132797760714256 32 28 60
859 -0.12683665073457 0.0117067054509382 32 28 60
860 0.0252507465170718 -0.118524124966399 32 28 60
861 0.00996411687518875 -0.257670418765054 32 28 60
862 -0.837257781113454 -0.401894813158622 32 28 60
863 -0.0143515816569151 -0.543363320026135 32 28 60
864 -0.103953760329393 -0.679089545784167 32 28 60
865 -1.02033578106619 -0.794512970251391 32 28 60
866 -1.17805658353241 -0.861713883392008 32 28 60
867 -1.49813844403683 -0.856079356752746 32 28 60
868 -1.60559566754783 -0.763941723162856 32 28 60
869 -0.335768422995131 -0.590751816387161 32 29 61
870 -0.242285163359206 -0.361219854676249 32 29 61
871 -0.849152466257528 -0.0985311134566188 32 29 61
872 0.858389695804018 0.174027033355296 32 28 60
873 0.819392927277956 0.421883650400403 32 28 60
874 0.648108065998331 0.622701331283804 32 28 60
875 1.27847125730542 0.765942482688866 32 28 60
876 1.07732396203874 0.846260147015351 32 29 61
877 0.307903665693799 0.870141962070288 32 29 61
878 1.2835028220499 0.848562671954108 32 29 61
879 0.0254687161703175 0.784375248402921 31 29 60
880 1.86397142850729 0.682580490741161 31 29 60
881 0.528737561454098 0.540897100363078 31 28 59
882 0.0630215190359571 0.377333456662649 31 28 59
883 0.178488627549752 0.214097183170748 31 28 59
884 0.344651535147427 0.0667001474908259 31 28 59
885 -0.834234830721166 -0.050263140338335 31 28 59
886 0.175314652705189 -0.120698825022478 31 28 59
887 -0.606286372307548 -0.141657722105612 31 28 59
888 -1.57521062449466 -0.110521820995058 31 28 59
889 0.471099410566661 -0.0402049722409971 31 28 59
890 0.372885506421295 0.0265584424716851 31 29 60
891 0.731550511212273 0.0517895393967783 31 29 60
892 0.498295602063945 0.0107282542674337 31 29 60
893 1.76779589213678 -0.103156114094744 31 29 60
894 -1.65286864004175 -0.273300693335958 31 29 60
895 0.091153943838866 -0.449321463402891 31 29 60
896 -1.75332772408171 -0.596774955238264 31 29 60
897 -1.44396031151768 -0.683137737519721 31 29 60
898 -1.07719503278644 -0.700753028016387 31 29 60
899 -0.693357327561704 -0.665443980006937 31 29 60
900 -0.513652676217615 -0.604806353531432 32 30 62
901 0.486555660549977 -0.54847253130319 32 30 62
902 -0.717699060338629 -0.519036846402678 32 30 62
903 -0.314340655783871 -0.518403205978775 31 30 61
904 0.550311505270297 -0.546195181346941 31 30 61
905 -0.870704095006737 -0.593241692314268 31 30 61
906 -1.65155710294444 -0.628244496632379 31 30 61
907 -1.47540544941443 -0.625224208861575 31 30 61
908 -0.704018578342938 -0.584988729355299 31 30 61
909 -0.166867479859384 -0.531655461340224 31 30 61
910 -0.367710135713182 -0.494275122901729 31 30 61
911 -0.266209552718798 -0.494373175906547 31 30 61
912 0.512439186280452 -0.547835263898656 31 30 61
913 0.0501002116487943 -0.659774978128074 31 30 61
914 -1.31478555809387 -0.80873287258102 31 30 61
915 -1.53019657993717 -0.9558370400916 31 30 61
916 -1.08981170076073 -1.07190606223876 31 30 61
917 -1.59564524206331 -1.1422344998007 31 28 59
918 0.0727800091120519 -1.15775766200135 32 28 60
919 -2.33366131146766 -1.11249451605664 32 28 60
920 -1.69734891799962 -0.983801429084577 32 29 61
921 0.489563734230939 -0.771444380522699 31 29 60
922 -2.57923568753306 -0.48962916801852 31 29 60
923 -0.909512647302207 -0.141064123326544 31 29 60
924 1.33613916161551 0.231184350778474 31 29 60
925 1.4830934476517 0.563226838026956 31 29 60
926 1.55052728039355 0.814627958786285 31 29 60
927 0.416789978153894 0.97327591227138 31 29 60
928 1.38375509397012 1.04402629113895 31 29 60
929 0.865677597976601 1.02583266577756 31 29 60
930 1.24232894749971 0.920943977556166 31 29 60
931 1.89699667980541 0.731714315597397 31 29 60
932 1.06721992159362 0.472250690171159 31 29 60
933 -0.665228621936627 0.185276981914522 31 29 60
934 -0.863423631189817 -0.0726572393996959 31 29 60
935 -3.21811649619773 -0.263462043275788 31 29 60
936 0.882502301394202 -0.384799967820271 31 29 60
937 1.48135971928973 -0.492527336778 31 29 60
938 -0.717680464449471 -0.621523558006611 32 29 61
939 -0.858768498906515 -0.760148782483851 32 29 61
940 -0.700002478308046 -0.889115009069016 32 29 61
941 -1.41047308666825 -0.990681287592744 32 29 61
942 -0.857354286668746 -1.04588534293127 31 29 60
943 -1.49119609223328 -1.04244273797686 31 29 60
944 -1.88281083609623 -0.968656104822275 31 29 60
945 -0.943372585434991 -0.82576092293839 32 29 61
946 -0.571636377474079 -0.63665989512337 32 29 61
947 -0.0409422135062737 -0.431026194691566 32 28 60
948 0.320719707432171 -0.235800511232037 32 28 60
949 -0.791691374067188 -0.0667287785544417 33 28 61
950 0.517136358189407 0.0701464220178372 33 28 61
951 0.807799162368928 0.159052794870906 33 28 61
952 0.163597026258211 0.193000632618882 33 28 61
953 0.133016328618781 0.180457086550851 34 28 62
954 -0.123121470934724 0.132371023503993 34 28 62
955 0.225157169065245 0.0572559362836589 34 28 62
956 1.0987628867835 -0.0410001338812489 34 27 61
957 -0.0145546745988335 -0.150526283059024 33 27 60
958 -2.3383090053953 -0.234500984298577 33 27 60
959 -0.690977128595657 -0.258258453985891 33 27 60
960 0.821773126244002 -0.231832201821031 33 27 60
961 -0.563404803640207 -0.179524848104812 33 27 60
962 0.930242095286765 -0.10820551495438 33 27 60
963 -0.0121175592958079 -0.0218878726350554 33 27 60
964 -1.91206399125753 0.094807138728537 33 28 61
965 1.19387832831044 0.252490323505569 33 28 61
966 -0.297305421068688 0.4254653766226 33 28 61
967 1.79970041307651 0.593351025127905 34 28 62
968 1.27970841084609 0.731952048482766 34 28 62
969 0.186585182312179 0.840933342817015 34 28 62
970 1.14278378169838 0.934033684819694 34 28 62
971 0.975616566924607 1.01544404397429 34 28 62
972 0.657750132892138 1.09007793130114 34 28 62
973 0.473032512692721 1.16088434375577 35 28 63
974 2.24736947524771 1.2182059878963 34 26 60
975 1.26655425709435 1.24133092611464 34 26 60
976 0.421302653010088 1.22726908331013 34 26 60
977 2.28412106387916 1.17469322249834 33 26 59
978 1.89650382416194 1.07155679569776 33 26 59
979 1.09472447168161 0.928679583903694 33 26 59
980 0.526499819915159 0.78035604853443 34 28 62
981 -0.931150945811049 0.667218557789864 34 28 62
982 -0.233895126717395 0.61734060291167 34 28 62
983 0.638139044624653 0.620322123626756 34 28 62
984 2.18508363043263 0.640183553344361 36 28 64
985 0.956945431140579 0.644870027386844 36 28 64
986 0.774337971764318 0.635725489258403 36 28 64
987 1.04004232598549 0.629136391113544 36 28 64
988 -1.06463900032697 0.648043410499105 36 28 64
989 1.32958811898446 0.715744090623881 37 28 65
990 1.20178294766444 0.825644124628891 37 28 65
991 0.203097807961239 0.976889694970995 37 28 65
992 0.137521565119313 1.17552587596887 37 28 65
993 0.716546205916278 1.40832121260632 37 28 65
994 3.02633401119333 1.63322163255803 36 28 64
995 1.92764917049315 1.79579765095669 37 28 65
996 2.75970458120002 1.86733797707561 37 28 65
997 2.37185077594039 1.83356362910708 37 28 65
998 1.92235387729193 1.7019481280743 37 28 65
999 1.60377661796275 1.49672173368699 37 28 65
1000 0.303372394948446 1.24994923515574 37 28 65
1001 1.61816420607732 0.992166696280958 37 28 65
1002 0.0505063975326319 0.738244585598919 37 27 64
1003 -0.880015488242845 0.507515487283347 37 27 64
1004 1.83840369972319 0.301290173356342 37 27 64
1005 -0.372534888337918 0.0967608848818294 37 27 64
1006 0.571043323896168 -0.106860719134826 37 27 64
1007 -0.667499836076051 -0.308629623570593 37 27 64
1008 -0.0992119582864577 -0.497937235042029 37 27 64
1009 -1.06128424760747 -0.666016150270605 37 27 64
1010 -0.0375316731193062 -0.799785192697429 37 27 64
1011 -2.56136204680537 -0.888318595735211 37 27 64
1012 -0.521531261326796 -0.915658818812742 37 27 64
1013 -0.654860853034776 -0.894251284516108 37 27 64
1014 -1.0398192886179 -0.835808445776926 37 27 64
1015 -0.387001707856462 -0.746154264018876 37 27 64
1016 -0.475242871450319 -0.632228648406077 37 27 64
1017 -0.98028263687439 -0.49384184519561 37 27 64
1018 -0.339442691838828 -0.328235348056917 37 27 64
1019 -0.82974075175413 -0.14188598561321 37 27 64
1020 0.569001236943484 0.0524743454017488 37 27 64
1021 -0.168695316336653 0.230589494192131 37 27 64
1022 1.28461983323046 0.373226184391841 36 27 63
1023 1.21996866616066 0.46028291483163 36 28 64
1024 0.487375470673316 0.492211984162646 36 28 64
1025 -0.142522027904627 0.489708178437859 36 27 63
1026 -0.398467892049708 0.474020970282146 36 27 63
1027 0.912985171740505 0.448923114870068 36 27 63
1028 1.14934970104075 0.399418321112816 36 27 63
1029 -0.101381625954922 0.31940549266334 36 27 63
1030 1.21473028929642 0.218396514757201 36 27 63
1031 -1.02987258231121 0.106227110754833 36 27 63
1032 -0.0787996557847921 0.00519285043956028 36 27 63
1033 -0.220274151567011 -0.0810460031360977 36 27 63
1034 0.527620550273545 -0.157096410096099 36 27 63
1035 0.155481875606626 -0.227340541321248 36 27 63
1036 -0.694481777097921 -0.28085819536703 36 27 63
1037 -1.26911016622098 -0.297481530607405 36 27 63
1038 0.00227002881876747 -0.268552598558538 36 28 64
1039 -0.959272213080462 -0.206087002880678 36 28 64
1040 0.133926527679585 -0.125391865645884 36 28 64
1041 0.619779986609166 -0.0545119952340494 36 28 64
1042 0.881592102333399 -0.016574956376419 36 28 64
1043 0.213266203099002 -0.0149309154596088 36 28 64
1044 -0.916168955582044 -0.0298663523359868 36 28 64
1045 -0.838077591236792 -0.0369235513308065 36 27 63
1046 1.3075101619913 -0.0327742286025445 37 27 64
1047 1.10101550503376 -0.0282030143194196 37 28 65
1048 -2.23780157204352 -0.00480446525802147 37 28 65
1049 -0.721064970591617 0.0744216551239574 37 28 65
1050 0.814474066537924 0.202359776370233 38 28 66
1051 0.486073962440002 0.347252042640305 38 28 66
1052 0.740778953866581 0.486533900225039 38 28 66
1053 0.271242465999803 0.604934960859508 38 28 66
1054 1.45949229359415 0.691402904214629 38 28 66
1055 0.818152054559453 0.733282370348537 38 28 66
1056 0.112081417050992 0.732404949489005 38 28 66
1057 1.65654425742196 0.693102179193452 38 28 66
1058 -0.138844039883098 0.612353272358781 38 28 66
1059 1.1022489393966 0.499873320348027 38 28 66
1060 0.22897389533605 0.3579943606454 38 28 66
1061 0.492639881782375 0.196894861967804 37 28 65
1062 -0.34890770003554 0.0287134519218054 37 28 65
1063 -0.495252707245978 -0.130941094544106 37 28 65
1064 0.33468251377375 -0.274561774944291 36 28 64
1065 -0.50790656699858 -0.400929996700958 36 28 64
1066 -1.3001156456334 -0.498741639436055 35 28 63
1067 -0.809234341137168 -0.559873854270343 35 28 63
1068 -0.0375688648976233 -0.594478792633349 35 28 63
1069 -0.187193112601417 -0.619080558958887 36 28 64
1070 -0.746941057966428 -0.637837210302096 37 28 65
1071 -0.997840480655697 -0.643745520132108 37 28 65
1072 -0.583967001924644 -0.631642278995102 37 28 65
1073 -0.849870729909907 -0.603946594906035 37 28 65
1074 -0.0666189271169986 -0.565177698533336 37 28 65
1075 -0.369150382195772 -0.522099346603736 37 28 65
1076 -0.599862910392283 -0.471720339692038 37 28 65
1077 0.21081421108465 -0.406009959323 37 28 65
1078 0.129011386117384 -0.315617834445915 37 28 65
1079 -2.17810645749207 -0.176910599812411 37 28 65
1080 -0.620290089605276 0.0357673841420114 38 29 67
1081 0.0836555103687001 0.305916140026932 38 28 66
1082 0.870814428369878 0.592163253115465 38 28 66
1083 1.79519517657598 0.846638431887654 38 28 66
1084 1.86681844887199 1.03091665140612 38 28 66
1085 1.94521073345228 1.13175878204771 38 28 66
1086 -0.45478481014517 1.16212151239453 38 28 66
1087 1.76850299825566 1.14764895339678 38 26 64
1088 1.53319112544332 1.08816033608089 38 26 64
1089 0.974981253854029 0.990204124753961 38 26 64
1090 1.47446684546749 0.872569576635044 38 26 64
1091 -0.546354692213697 0.759105090764434 37 26 63
1092 -0.566793028960184 0.679235749516708 37 26 63
1093 2.3096813543076 0.632289600167069 37 26 63
1094 -0.348076732378706 0.593930569180338 37 24 61
1095 1.21012722550277 0.563021586837598 37 24 61
1096 1.09827003114003 0.531019131817854 37 24 61
1097 0.547148687959229 0.500737528237626 37 24 61
1098 0.415654371084182 0.490191155887016 37 24 61
1099 -0.0383403257091498 0.520874907579253 37 24 61
1100 -0.311460162818691 0.610122859681949 38 24 62
1101 0.113318570591663 0.758681358966568 38 24 62
1102 0.901598218951227 0.942202543199185 38 24 62
1103 2.30825226535851 1.11815690232686 38 24 62
1104 1.55226100875553 1.2459765038486 38 24 62
1105 1.28545080088729 1.31088105768732 38 24 62
1106 2.75455659327325 1.31035184017237 38 24 62
1107 0.0696927040271213 1.25032960319912 38 24 62
1108 1.56706594028743 1.16020664444448 38 24 62
1109 0.448096377801366 1.05464229641987 37 24 61
1110 -0.0149831755496615 0.947476271106743 36 24 60
1111 1.05483238080608 0.837249388294252 36 24 60
1112 2.41875588299829 0.700754091990971 35 24 59
1113 0.848228739021917 0.523124838005015 35 24 59
1114 -1.13241094508218 0.327539284359064 35 24 59
1115 -1.11139308293259 0.145171249276976 35 24 59
1116 1.27321428455202 -0.0275473362411096 35 24 59
1117 0.957427129250554 -0.220789950243777 35 26 61
1118 -1.28643888281554 -0.438436340033653 35 27 62
1119 -0.482447823041102 -0.657862528543186 35 27 62
1120 -0.563404803640207 -0.866903020272835 36 27 63
1121 -1.90037983741104 -1.05258599376834 36 27 63
1122 -0.50800811346954 -1.19916072389697 36 27 63
1123 -1.03888677449011 -1.30317253810285 36 27 63
1124 -3.70151424393513 -1.34997599620681 36 27 63
1125 -0.0694771050151884 -1.32802076611986 36 27 63
1126 -1.12624377326798 -1.26620415529465 36 29 65
1127 -2.36342963733941 -1.17894133352725 36 29 65
1128 -0.0569619835118629 -1.07739508188304 36 30 66
1129 -1.03913821674384 -0.991083871813408 37 30 67
1130 0.00646318755075709 -0.934907594317818 39 31 70
1131 -0.472290585436833 -0.914686772244764 39 31 70
1132 -1.84370880192138 -0.91489876023407 40 31 71
1133 0.153123991707569 -0.91087710731105 40 31 71
1134 -1.83768036835646 -0.8892884607687 40 31 71
1135 -0.710080484508346 -0.824594343614433 40 31 71
1136 -0.548746048713239 -0.704673552291216 40 31 71
1137 -1.8726461601363 -0.51912066380929 41 31 72
1138 -0.474851562277808 -0.260687235612817 41 31 72
1139 -0.537558469688049 0.0497977801215866 41 31 72
1140 0.665760017894934 0.377151859368959 42 30 72
1141 0.915869383883516 0.674520038498195 42 30 72
1142 1.63795607221973 0.899195212612608 42 30 72
1143 1.97079333894771 1.01869473308042 44 30 74
1144 1.25515614677158 1.02182096931616 44 30 74
1145 0.929606782216187 0.921903960232682 44 30 74
1146 1.49306246902538 0.741987050322962 43 30 73
1147 0.423788117624926 0.510322469453996 43 30 73
1148 1.23023860776939 0.270172406289948 43 30 73
1149 -3.12709266693182 0.0718025928496573 43 30 73
1150 0.0616865382021584 -0.0316744986684817 43 30 73
1151 -0.842158045964328 -0.047392864498852 43 29 72
1152 0.79610013181111 -0.00106105290118685 43 29 72
1153 0.365894805305926 0.0698703884756938 43 29 72
1154 0.225081656839107 0.141752231367751 43 29 72
1155 0.781749735474851 0.201528206400579 43 29 72
1156 -0.0393174699709228 0.242348055410357 43 29 72
1157 -0.283680726740473 0.268251868352433 42 29 71
1158 0.800315605610089 0.277644218437222 42 29 71
1159 0.85448629977358 0.258838837907207 42 29 71
1160 0.0903984884081699 0.211100608975738 42 29 71
1161 0.619903848147115 0.147981388427556 42 29 71
1162 -1.65951379078809 0.0860333183606568 42 29 71
1163 -0.0373322993552189 0.0419185480322832 42 28 70
1164 0.773931785880481 -0.00151016841436269 42 28 70
1165 1.37624922214429 -0.0680039542512154 42 28 70
1166 -0.749062376323081 -0.15839589478421 42 28 70
1167 -1.45377087008342 -0.242930421024406 42 28 70
1168 -0.769286462594155 -0.302776704690958 42 28 70
1169 0.749206182286708 -0.349378310475069 42 27 69
1170 0.387739915934518 -0.404329009628174 42 27 69
1171 -2.10395680962508 -0.465005795219642 42 28 70
1172 -0.112170457451938 -0.515302422900913 42 28 70
1173 -1.11402213364404 -0.566616751483492 42 29 71
1174 0.327202676192742 -0.633290830707771 41 29 70
1175 -0.574509432083596 -0.733904718619549 41 29 70
1176 -1.37697729479365 -0.869316926389459 41 29 70
1177 -0.334354210757362 -1.03479128376147 41 29 70
1178 -1.28910884448314 -1.23159879050379 41 29 70
1179 -0.584136622266077 -1.44953504584854 41 29 70
1180 -2.09311106179108 -1.67154197042892 41 29 70
1181 -1.79486315438176 -1.86525884349951 41 28 69
1182 -2.21554283717542 -2.00217550751792 41 28 69
1183 -2.50426882005105 -2.05559478667902 41 28 69
1184 -3.13660715310985 -2.00513933780361 41 28 69
1185 -2.22427842418626 -1.84654007819609 41 27 68
1186 -1.99910891226686 -1.60298934262026 41 28 69
1187 -0.553785051813388 -1.31326956571617 41 28 69
1188 -0.0750164021144719 -1.0223341421852 41 30 71
1189 -1.3511086457745 -0.756721379853575 41 30 71
1190 -1.15428208995559 -0.522680572839054 44 30 74
1191 0.714203198728549 -0.337039836594927 44 30 74
1192 0.43475772699687 -0.227245704530681 44 30 74
1193 0.565086683379551 -0.199013915716246 44 29 73
1194 -0.70903898555393 -0.235159681525557 44 29 73
1195 0.201894127021053 -0.301851244802161 44 29 73
1196 -1.34430988006755 -0.368477294697957 44 30 74
1197 -1.07819190160688 -0.401526243502235 44 30 74
1198 -1.24887120323858 -0.3884008697216 44 30 74
1199 -0.570500770404367 -0.339812932082269 44 30 74
1200 0.470907475158237 -0.288789178823272 45 30 75
1201 0.500537062780715 -0.27360784522992 45 29 74
1202 0.262641898060411 -0.314167443856446 45 29 74
1203 -0.0270995495248128 -0.407621277317322 45 29 74
1204 -0.194462418884842 -0.533360362550898 45 29 74
1205 -0.965391035582849 -0.658267918214882 45 29 74
1206 -2.07298852199097 -0.741895320309607 45 29 74
1207 -0.643350038707549 -0.755187816466037 45 29 74
1208 0.218308925376984 -0.697410834404323 45 29 74
1209 -1.84238497862108 -0.567665731294465 45 30 75
1210 -1.17594270353143 -0.35222691388393 46 31 77
1211 -0.195274790652517 -0.0630579786901724 45 31 76
1212 0.403861232411067 0.263753556130845 45 31 76
1213 0.366402537660723 0.58589922183654 45 31 76
1214 1.95282930928257 0.862141432842202 45 31 76
1215 2.24419178122531 1.05305278979962 45 29 74
1216 1.08243103900937 1.14657552195822 45 29 74
1217 1.66013929486169 1.16036474520257 45 29 74
1218 0.483535300666017 1.1194348432716 45 29 74
1219 0.38365202285132 1.0554653677737 45 29 74
1220 1.21188326893173 0.986202520481785 46 29 75
1221 0.251258664448965 0.913500038914833 44 29 73
1222 0.967403588979894 0.836998590176417 44 29 73
1223 1.01800527994848 0.744574567978784 44 29 73
1224 0.686811352645008 0.624785782187207 44 29 73
1225 1.69781224008745 0.472789019529307 44 29 73
1226 0.204647039270451 0.292702271433284 43 30 73
1227 -0.990646686598409 0.113651300553732 43 30 73
1228 0.121204594056509 -0.0364258851318389 43 30 73
1229 -0.674460783768766 -0.151897964886933 44 30 74
1230 0.793035141793169 -0.232245618759565 44 30 74
1231 -1.79437401791612 -0.281604893585754 44 30 74
1232 -0.357737395161673 -0.293512705893217 44 30 74
1233 0.258757097919131 -0.28762177346065 44 30 74
1234 0.575868076520904 -0.289861247162161 44 30 74
1235 -0.52256904110338 -0.310834519376698 44 30 74
1236 -0.809636807843174 -0.341660509565231 44 30 74
1237 -0.0269756879868631 -0.375762809235045 44 30 74
1238 0.220760917391337 -0.415466165830285 44 30 74
1239 -0.546474834573815 -0.455073861026366 44 30 74
1240 -2.07927583616528 -0.474511205572032 44 30 74
1241 -1.36800514224041 -0.460548703321794 44 30 74
1242 0.593523747595339 -0.438016591104853 44 30 74
1243 0.811492027101784 -0.453310052548803 44 30 74
1244 0.33036177432598 -0.529820360137035 44 30 74
1245 -0.0522053047576012 -0.655275053818891 44 30 74
1246 -1.38446457073032 -0.790164385578255 44 30 74
1247 -1.04801738985129 -0.88123753897136 44 30 74
1248 -4.55584439489093 -0.88520209409592 44 30 74
1249 0.821472206008956 -0.784070980985758 44 30 74
1250 -0.441698730263908 -0.627808252240261 44 30 74
1251 -0.533963432248321 -0.451305560908292 44 30 74
1252 -1.18761198066659 -0.277821410773501 44 30 74
1253 0.934780804387781 -0.136023756716165 44 31 75
1254 1.58564296795617 -0.0681823450558516 44 31 75
1255 -0.612810252024268 -0.0907731671029615 44 31 75
1256 -0.741375726622323 -0.18351491667303 44 31 75
1257 0.769223456438031 -0.331216969683593 44 31 75
1258 1.1150910153798 -0.527170094627914 43 31 74
1259 -1.96238335788022 -0.736516741417184 43 31 74
1260 -2.63690731102098 -0.891338539089408 43 31 74
1261 -1.22486014411935 -0.949405799062068 43 31 74
1262 -0.815872053527847 -0.91201634144051 43 31 74
1263 -1.9164676812871 -0.794584017250609 43 31 74
1264 -0.62951109390392 -0.617718935893244 43 31 74
1265 -0.40703013954128 -0.424622990318722 43 31 74
1266 0.514496149944462 -0.26440596450824 43 31 74
1267 0.729305331317671 -0.181880705514107 43 31 74
1268 1.13888782402361 -0.201109177827398 43 31 74
1269 1.13653365930238 -0.316581330631641 43 31 74
1270 -3.2402774037727 -0.483155445585097 43 31 74
1271 0.40139808286322 -0.633138284750342 44 31 75
1272 -1.80766060023097 -0.742657807205687 44 31 75
1273 -1.12375458947531 -0.786220537613838 44 31 75
1274 -1.78522480666578 -0.756614033592087 44 31 75
1275 -0.0324097194373554 -0.664294992980415 44 31 75
1276 -1.06795543259864 -0.539320184287098 44 31 75
1277 0.149942578507342 -0.406768000463002 44 31 75
1278 0.253732971530308 -0.296467660043306 44 31 75
1279 0.818283354453066 -0.226712284713433 46 31 77
1280 -1.16398107318638 -0.196285140733333 47 31 78
1281 0.491823790836868 -0.184664980597392 46 31 77
1282 -1.22794744920428 -0.182358149845054 46 31 77
1283 0.790782523542904 -0.176317053810514 46 31 77
1284 -0.492488637463085 -0.166519975353787 46 31 77
1285 -1.17845161188276 -0.140134445938138 46 31 77
1286 -0.351777035467225 -0.0913832998661477 46 31 77
1287 0.584302743296695 -0.0388074001405612 46 31 77
1288 1.51533979978263 -0.00842204504674848 46 31 77
1289 -0.177118825578949 -0.00697228542674935 46 31 77
1290 -1.26641788948639 -0.00760673456488536 46 31 77
1291 0.00821551180188855 0.0143934579507078 46 31 77
1292 -0.0958348904999753 0.0570077011179703 46 31 77
1293 0.805038811763866 0.110845720987602 46 31 77
1294 -0.729672976886673 0.16691049150043 46 31 77
1295 0.267684620338392 0.225067629370306 46 31 77
1296 1.10647185155124 0.27056245693544 45 31 76
1297 0.986593614652215 0.289203625395711 45 32 77
1298 0.199525085588501 0.287752088839365 45 32 77
1299 0.370809946868126 0.291117631892652 45 32 77
1300 -2.0266778170475 0.326386386339261 46 32 78
1301 0.80021405913913 0.409754279863058 46 32 78
1302 1.57313156563067 0.511537221981392 46 32 78
1303 0.845381718657222 0.603438328784226 46 32 78
1304 -0.00832314809199208 0.68219269115987 46 32 78
1305 -0.211617795960143 0.751404762293519 46 32 78
1306 2.44023943787703 0.796807739401225 46 32 78
1307 -0.518364724837896 0.789259778854307 46 32 78
1308 1.23874506759348 0.721697214642396 46 32 78
1309 2.03855412616943 0.571304775591552 46 32 78
1310 1.76627269507239 0.326697637120551 46 34 80
1311 -1.15951302846417 0.0166425511958896 46 33 79
1312 -1.08630705225846 -0.299055589257618 45 33 78
1313 -1.45245933298611 -0.581383365458585 45 33 78
1314 -0.814570545294533 -0.817988136345887 45 33 78
1315 0.593832106186048 -1.01841615863359 45 33 78
1316 -2.02990757955954 -1.18834075351225 45 33 78
1317 -0.790225093339776 -1.30464720796027 45 33 78
1318 -1.25791886801796 -1.35058091445829 45 33 78
1319 -3.27796150653195 -1.30267217761359 45 33 78
1320 -2.2170995068403 -1.14304498164298 45 33 78
1321 -0.450310455736796 -0.899397765405285 45 33 78
1322 -0.38494102501462 -0.629302554489314 45 33 78
1323 0.400262475793507 -0.385371668980573 45 33 78
1324 0.951082898739258 -0.208867272419497 45 33 78
1325 0.0767626365464593 -0.117722626681538 45 33 78
1326 0.0616753806686636 -0.101036391047057 45 33 78
1327 -0.534602464496731 -0.137129482124784 45 33 78
1328 0.74879999640287 -0.202024946327112 45 33 78
1329 -1.06015235971559 -0.274189906333255 45 33 78
1330 -1.64993979776475 -0.31864952377808 45 33 78
1331 1.59467947520205 -0.318511464130083 44 33 77
1332 -2.1354700213923 -0.27842208318341 44 33 77
1333 -0.646509136840786 -0.180121728410499 44 33 77
1334 1.47708732915377 -0.0360399651914223 44 33 77
1335 0.25815897662687 0.130057323788575 44 33 77
1336 -1.2631349298152 0.323722708560817 44 33 77
1337 0.483433754195057 0.552759512837756 44 33 77
1338 1.90872546378588 0.792705324348063 44 33 77
1339 1.89537937462572 1.0152591824757 44 33 77
1340 -0.252758197909847 1.21918437691506 44 33 77
1341 0.118978010051065 1.41948086628518 44 33 77
1342 2.72975175827551 1.59878283161222 44 33 77
1343 2.43108650744886 1.7112845883835 44 33 77
1344 2.04492439092555 1.73141203466531 43 33 76
1345 3.51474100860822 1.65577498765939 43 33 76
1346 0.915549867759311 1.50064862701376 43 33 76
1347 -0.35399133326967 1.31906650196208 43 33 76
1348 1.87667848541904 1.15300795258031 43 33 76
1349 0.774323095052991 1.01082689971192 43 33 76
1350 0.502676977026526 0.905931705795914 43 33 76
1351 0.35014620211273 0.848520917080768 43 33 76
1352 1.47384268993041 0.836746522506711 43 33 76
1353 0.452180551706732 0.859732086835698 43 33 76
1354 1.50506985817391 0.915028276110025 43 33 76
1355 0.28861581272835 0.998117699054025 43 33 76
1356 1.33580476877998 1.11086110964278 43 33 76
1357 1.03636433796397 1.24473956904111 42 33 75
1358 0.0816059850603538 1.39114125847376 42 33 75
1359 2.40213055334478 1.53161303843866 42 33 75
1360 2.30988816642735 1.62422330266165 42 33 75
1361 3.05136797337781 1.64170525320852 41 33 74
1362 0.570524434007876 1.58256320347345 41 33 74
1363 -0.761994841243739 1.47255761870398 41 33 74
1364 3.71239853208396 1.31244641812765 41 33 74
1365 2.91343903705401 1.06424857178263 41 33 74
1366 1.30061356899122 0.737260394840322 41 33 74
1367 -2.8458576791707 0.393933481227259 40 33 73
1368 -0.346121315185655 0.101146327880451 40 33 73
1369 0.815906874664851 -0.140117647934057 40 33 73
1370 0.184133190297827 -0.349771881654685 40 33 73
1371 -2.18320609610703 -0.527664664964382 40 33 73
1372 0.915884260594843 -0.666275951643774 40 33 73
1373 0.0203244474213765 -0.781205528729146 40 33 73
1374 -2.17904269079769 -0.859964036021909 40 33 73
1375 -1.24763404969791 -0.872262385955107 40 33 73
1376 -1.93919210888434 -0.812696600949534 40 33 73
1377 -0.275546980199728 -0.696114224483308 40 33 73
1378 -0.43053718548354 -0.560250136947111 40 33 73
1379 -0.944726162157948 -0.439322135179133 40 33 73
1380 1.29147179609655 -0.365321178178797 40 33 73
1381 0.778128663790302 -0.371444524778517 40 33 73
1382 0.26397687889421 -0.45358174503494 40 33 73
1383 -2.16577955221933 -0.571847268855643 39 33 72
1384 0.435900772422246 -0.673908880648304 39 33 72
1385 -3.06283280903454 -0.730771027191802 39 33 72
1386 -0.245082705742585 -0.710804807760941 39 33 72
1387 -1.84423513016534 -0.622158838589438 39 33 72
1388 0.580881045376232 -0.481659174590827 39 33 72
1389 0.16472519497226 -0.323371528631312 39 33 72
1390 -0.965657354547906 -0.163320842692535 39 34 73
1391 0.820126067641662 -0.00617973173407349 39 35 74
1392 -1.48220421512137 0.133656641175841 39 35 74
1393 0.0635292513907548 0.246344251928128 39 35 74
1394 2.16218586331613 0.292178149863709 39 36 75
1395 1.50916147043494 0.229005419280941 39 36 75
1396 1.21892344802841 0.0586817969318747 39 34 73
1397 -1.12285926712584 -0.175116599305791 39 34 73
1398 -0.140995111662404 -0.403196307333011 39 34 73
1399 -2.99148442272876 -0.568516272456804 39 34 73
1400 -0.816522243309752 -0.62594864100673 39 34 73
1401 -0.855312199716063 -0.579724969605111 39 34 73
1402 0.519306025857871 -0.451833691605494 39 34 73
1403 -1.49861157512164 -0.26591423880257 39 34 73
1404 0.161054645306395 -0.0334138900659491 39 34 73
1405 0.336724600726433 0.214901740472067 39 34 73
1406 0.458753909404768 0.44655848550525 39 34 73
1407 1.63920810247173 0.632642713794822 39 34 73
1408 0.896950525023588 0.750280600180723 39 34 73
1409 -0.279262159999574 0.798071306499473 39 34 73
1410 1.37522631907903 0.777261026277786 39 34 73
1411 1.54211492868475 0.670806250128063 39 34 73
1412 1.0202169872426 0.472878525533682 39 34 73
1413 0.227635195324419 0.201407698022554 39 34 73
1414 0.516215001595109 -0.109838217367535 39 34 73
1415 -0.408978118378667 -0.420532514364754 39 34 73
1416 -1.85171124856851 -0.677306057666488 39 34 73
1417 -0.989134647067513 -0.82936605563488 39 34 73
1418 -2.75407354662676 -0.850782654713505 39 34 73
1419 -1.05488051025087 -0.734695951995474 39 33 72
1420 -0.370489082207403 -0.515770087701496 39 33 72
1421 0.563123827830837 -0.244260365799497 39 34 73
1422 0.897709699632116 0.0350592489066478 40 34 74
1423 -1.04217345333912 0.299156330714811 40 34 74
1424 1.92224117328747 0.539963190326057 40 34 74
1425 2.72315980468831 0.733402084140729 40 34 74
1426 -0.365965249817713 0.887090898422707 39 34 73
1427 -1.10940419313905 1.05014660642226 39 34 73
1428 1.07604217836409 1.2450983620347 39 34 73
1429 2.12842003329864 1.44285800155804 39 34 73
1430 2.67234758242215 1.60330507776715 38 34 72
1431 1.99243907581222 1.7050066658809 37 34 71
1432 2.12706645657568 1.75346217621794 37 34 71
1433 0.522882467408441 1.76747194557844 37 34 71
1434 2.67040332276259 1.76859287666896 40 35 75
1435 0.849488207629578 1.75938286625878 40 35 75
1436 1.249120274851 1.74985359849213 41 35 76
1437 2.00702231851305 1.73340070202409 41 35 76
1438 2.76605996924481 1.68987860481095 41 35 76
1439 2.02210585521301 1.60770980998951 42 35 77
1440 1.13598501599144 1.50093351298676 42 36 78
1441 0.481512938271996 1.39574280058104 42 36 78
1442 1.59578532884911 1.30827633029511 42 36 78
1443 1.12133369942013 1.2355125661919 42 36 78
1444 0.744795053901473 1.17505401570101 42 36 78
1445 1.98259763515432 1.12142745791989 42 36 78
1446 0.519283710790881 1.06416205869464 42 36 78
1447 0.156403232200924 1.00545768048881 42 36 78
1448 2.10995570963436 0.936393734008919 42 36 78
1449 1.61427568675821 0.833850006743887 42 36 78
1450 1.19483687668305 0.698439344178676 42 36 78
1451 -0.611689521665883 0.555359581236218 42 36 78
1452 -0.286219388514457 0.438012507486995 42 36 78
1453 -0.0413669952792698 0.354679430472134 42 36 78
1454 0.822269701065305 0.290758237346244 43 36 79
1455 1.41813020281337 0.222529891639528 43 35 78
1456 0.731543072856609 0.141285980605178 43 33 76
1457 -0.643797135547536 0.0686111182743273 41 33 74
1458 -0.769718682722814 0.0406830026250343 41 33 74
1459 -0.970869697167321 0.0779289622468304 41 33 74
1460 -0.529262541161534 0.175107963686603 42 35 77
1461 1.13272065220941 0.297682360443673 41 35 76
1462 0.847194678423164 0.395561852570511 42 35 77
1463 1.16946108330737 0.434497005679404 42 35 77
1464 1.70088094928322 0.397562654233333 42 35 77
1465 -0.273283204415968 0.291921680979577 42 36 78
1466 0.804734172350988 0.152356151261791 42 36 78
1467 -1.88481088342327 0.0120826087074566 42 36 78
1468 -0.066506223112544 -0.0949260549969942 42 36 78
1469 0.82071675057826 -0.170134132541836 42 36 78
1470 -1.61795976459888 -0.219071362380913 42 34 76
1471 -0.131379079013417 -0.2339636907511 42 35 77
1472 -0.74313920840695 -0.230136464683925 42 35 77
1473 0.684626808265217 -0.230619175511421 41 35 76
1474 0.534908452446128 -0.263747471905842 40 35 75
1475 0.89707810573937 -0.337607655405775 40 35 75
1476 -2.59915885356908 -0.432864261815284 40 35 75
1477 0.0540754007275376 -0.511859257605743 40 35 75
1478 0.0142476645446423 -0.572155181275434 39 35 74
1479 -1.89073033216156 -0.607805899863078 39 35 74
1480 -0.450829345625088 -0.604509172827879 39 35 74
1481 -0.70801236331084 -0.570495192974703 39 35 74
1482 -0.239825732989189 -0.518128141094271 39 35 74
1483 0.486566818083472 -0.460378074161876 39 34 73
1484 -1.1410152321994 -0.400350409952833 40 34 74
1485 -0.841214374303039 -0.324088565263414 40 34 74
1486 0.209069325189181 -0.230631415822884 40 34 74
1487 -1.17143002867523 -0.131175065102694 40 34 74
1488 -0.109613199788794 -0.0358821625841753 40 34 74
1489 2.14290544870634 0.0256130552689928 39 34 73
1490 -0.378216642864309 0.0276892072066584 40 34 74
1491 1.44750350033478 -0.0142825123018355 40 34 74
1492 -2.31436973932438 -0.0748978892681604 40 34 74
1493 -0.0955228127314335 -0.112325134436922 40 34 74
1494 1.47089784227258 -0.123107135185077 40 34 74
1495 -2.44725223419237 -0.106753694327633 40 33 73
1496 -0.285106096511736 -0.0419830124308222 42 33 75
1497 0.915666290941598 0.0513834140328755 42 33 75
1498 0.864756241382303 0.14096029393433 42 33 75
1499 -0.477976059141056 0.214566364362502 41 33 74
1500 0.370272461090676 0.275756091791141 42 33 75
1501 0.216556601125852 0.318069381834039 42 33 75
1502 0.487499332211265 0.332911786188143 42 33 75
1503 1.03223925310245 0.310883594147668 41 32 73
1504 -0.0203156605291945 0.248937997592637 41 32 73
1505 0.350897938365595 0.15824434484877 40 32 72
1506 0.466361327701557 0.0491356386574825 39 31 70
1507 -2.00945808527956 -0.0633420487476246 39 31 70
1508 1.16711063776398 -0.164576502719067 39 31 70
1509 -0.597072806364568 -0.270922625719171 39 31 70
1510 0.798480330777156 -0.383063427533333 40 31 71
1511 -1.70432474240366 -0.495480696178479 40 31 71
1512 -2.01147785716525 -0.586282956556756 40 31 71
1513 1.2777715895422 -0.659638131592934 40 31 71
1514 0.109839956334222 -0.74522550562879 40 31 71
1515 -1.20719703468925 -0.835887842506219 40 31 71
1516 -2.78234955752628 -0.898883951996556 40 31 71
1517 -0.943963268371589 -0.91436957483096 41 32 73
1518 -0.765074707973006 -0.903212027806724 41 31 72
1519 0.00237157528972688 -0.895840887717807 41 31 72
1520 -0.00203583391767637 -0.915394023427702 41 33 74
1521 -0.982557570191645 -0.961180165555569 40 33 73
1522 -0.965928521360299 -1.00926421385067 40 33 73
1523 -2.96223126756746 -1.03124120877429 40 33 73
1524 0.370697242863672 -1.00783398427894 40 33 73
1525 -1.55256429963188 -0.952100061158876 40 33 73
1526 -0.721151640351249 -0.861793518107484 40 33 73
1527 0.158768554455644 -0.739197295008936 40 33 73
1528 -2.83746020417322 -0.582181501862126 40 33 73
1529 -0.216852453646548 -0.38103691649005 40 33 73
1530 1.52087537770408 -0.166890053622049 39 34 73
1531 -0.11871406172732 0.0295903641652404 39 33 72
1532 -0.931128630744059 0.212455338647565 39 33 72
1533 0.353876258623902 0.38550427717993 41 33 74
1534 0.601947256837634 0.528143457778124 41 33 74
1535 0.768632773501433 0.613641239966078 41 33 74
1536 1.07364225483938 0.617413620706293 41 32 73
1537 1.57208634749843 0.520776992541172 41 32 73
1538 0.907972202885177 0.320600263123645 41 32 73
1539 0.512097355089257 0.0406830001765879 41 32 73
1540 0.256173806011165 -0.275307743447458 41 34 75
1541 -1.65766363924383 -0.568289414920536 41 34 75
1542 -3.41013689528106 -0.771442410159485 41 34 75
1543 -0.515296015642124 -0.851116162336689 41 34 75
1544 -1.05186015036691 -0.83168072669404 41 34 75
1545 0.199224165353454 -0.745282342194151 41 34 75
1546 -1.12181404899359 -0.622016940081348 41 34 75
1547 0.18421986005746 -0.476290256628124 40 34 74
1548 0.0356259537745862 -0.324530438986317 40 34 74
1549 -1.15835510632747 -0.17032635881043 40 34 74
1550 0.747972747923868 -0.0115557751879217 40 35 75
1551 0.159813772587891 0.139370962610694 40 35 75
1552 -0.296467015056191 0.28066694043935 40 35 75
1553 0.731249590977227 0.411900622156228 40 35 75
1554 0.892279387359455 0.522539268904716 40 35 75
1555 0.890034207464853 0.607540092404032 40 35 75
1556 -0.408643725543136 0.672536460381972 40 35 75
1557 1.30534049432283 0.725309160878062 40 37 77
1558 2.10424307301581 0.755875201700437 40 37 77
1559 -1.14469322022093 0.767526537892624 40 37 77
1560 2.38614053676184 0.784392695344008 40 38 78
1561 -0.404461724344641 0.806494854846668 39 37 76
1562 0.429004179422173 0.850702746598716 39 37 76
1563 0.584607382709573 0.915088047929753 39 38 77
1564 1.08490534609071 0.98115907383836 38 38 76
1565 1.74563870373964 1.02201029324047 38 38 76
1566 1.37749753321846 1.01488253100309 38 38 76
1567 0.393181385740675 0.95426053912933 38 40 78
1568 1.87257943480235 0.842905073622322 38 40 78
1569 1.93315014714461 0.67920532171668 37 39 76
1570 -1.14532853329151 0.486237567268684 37 39 76
1571 -0.634753189945988 0.309724802924302 37 39 76
1572 0.0260631182847471 0.163492968634602 37 39 76
1573 0.260555180973747 0.0329080115149386 37 38 75
1574 0.0152668484320684 -0.103162518413444 37 38 75
1575 0.506824376955031 -0.261276523655632 37 38 75
1576 -0.0749260131770079 -0.450452394748363 37 38 75
1577 0.25832115861264 -0.66141029860629 37 38 75
1578 -2.18299928398728 -0.868503516196342 37 38 75
1579 -1.08332129364449 -1.03202720063851 37 38 75
1580 -2.23516880215423 -1.13479832101221 37 38 75
1581 -1.09801352117194 -1.17307672218726 37 38 75
1582 -1.93751901603718 -1.16558335297452 37 38 75
1583 0.267372542569851 -1.13910503012853 37 38 75
1584 -0.509102809583103 -1.12866964716146 37 38 75
1585 -1.06736587833154 -1.14122153227877 37 38 75
1586 -0.576355864450023 -1.163394284603 36 38 74
1587 -3.2751788408599 -1.17411492093775 36 38 74
1588 -0.152491049278303 -1.15066375611698 36 38 74
1589 -1.5143799028735 -1.10530815755088 36 38 74
1590 -0.888043969134799 -1.04270882062937 37 38 75
1591 -0.69480873157779 -0.970006915865879 37 37 74
1592 0.131993425553524 -0.891856281756227 38 37 75
1593 -3.44604263954436 -0.801216120753809 38 37 75
1594 0.244786853221889 -0.682191077673149 38 37 75
1595 0.217485396075814 -0.563156666421016 38 37 75
1596 -0.875946191048806 -0.463028632407541 38 37 75
1597 0.432997964390075 -0.382063960886169 38 37 75
1598 -1.2039066366624 -0.32080678789868 38 37 75
1599 0.438269813854797 -0.269723205850916 37 37 74
1600 0.112581711050126 -0.229588821828549 37 37 74
1601 -1.45629837432391 -0.189424394715006 37 37 74
1602 0.431967622969154 -0.134095767562257 37 37 74
1603 0.166071333339554 -0.0698090631306122 37 37 74
1604 -0.5660859228413 0.00355718781458014 37 37 74
1605 -0.32532142268931 0.090947094281282 37 37 74
1606 1.52056701911337 0.184688366918415 37 37 74
1607 0.160565508840756 0.272496969005356 37 37 74
1608 0.257599175782429 0.366795208660038 37 37 74
1609 -0.295992755301879 0.484002053878316 37 37 74
1610 0.342997038189422 0.633719145053325 38 37 75
1611 0.415447558964431 0.807488285364716 38 37 75
1612 1.0284522802543 0.984871284779763 38 37 75
1613 1.81890531546016 1.13611601835983 38 40 78
1614 2.22869833946368 1.23385654851612 38 40 78
1615 0.229760232858903 1.27006784264294 38 40 78
1616 1.8320483116784 1.25530779646094 38 40 78
1617 1.70446854836728 1.18684737748813 38 40 78
1618 0.479169931084266 1.07111228811979 38 40 78
1619 0.908795732186347 0.925073445448916 40 40 80
1620 1.3752337574347 0.756125535902216 40 39 79
1621 0.0686512050727056 0.57146855832233 40 39 79
1622 -0.832584052940993 0.388345191384126 40 39 79
1623 0.343707863486139 0.210590908140492 40 39 79
1624 1.14604442630258 0.0150870257518447 40 39 79
1625 0.529602001711417 -0.219014786827436 40 38 78
1626 -0.127137570969616 -0.484828076461384 41 38 79
1627 -1.40712205312659 -0.752464489805839 41 38 79
1628 -2.14453628206084 -0.984212656372947 41 38 79
1629 -0.0450263874116401 -1.15991497300985 41 38 79
1630 -1.69304305526317 -1.28086597500998 42 38 80
1631 -3.20064904135389 -1.33354734572125 42 38 80
1632 -0.0169311543870484 -1.31675938053325 42 38 80
1633 -0.983606507501725 -1.26306681817816 42 38 80
1634 -1.95575793169255 -1.18650368676315 42 38 80
1635 -0.760072896651174 -1.0926463500318 42 38 80
1636 -1.78363838357825 -0.999718471022994 42 38 80
1637 1.16606541963173 -0.927087263936216 42 39 81
1638 -1.13232055614472 -0.897762561919034 42 39 81
1639 0.0696060342674887 -0.897021722564778 42 39 81
1640 -1.65967597277386 -0.899256894100304 42 39 81
1641 -1.58696172354212 -0.864127000961128 42 39 81
1642 -1.47323950092379 -0.765646305589207 42 39 81
1643 -0.435542715983204 -0.600195964674813 42 39 81
1644 -1.12479980760756 -0.381543078784789 42 39 81
1645 -0.145947445002921 -0.127519545964164 42 39 81
1646 0.0344940658827062 0.129539024227144 42 39 81
1647 1.55525048654733 0.352617678012116 42 41 83
1648 1.42173639778659 0.508826741540173 42 41 83
1649 -0.13588803469178 0.59415463126685 42 41 83
1650 1.37278176542035 0.625750295392557 42 40 82
1651 1.06705030125219 0.614296715111914 42 40 82
1652 -1.26868910362581 0.584385592837662 42 40 82
1653 0.947175783530989 0.564225686331567 42 40 82
1654 0.373479908535725 0.548282656819506 41 40 81
1655 1.12698198134604 0.528476900731938 41 40 81
1656 0.139157466188158 0.498176948772733 41 40 81
1657 0.773032744353173 0.460295608403249 42 40 82
1658 1.06899456091174 0.415052867794722 42 40 82
1659 -0.371094641855327 0.370600245839429 42 40 82
1660 -1.13372361084899 0.346309308694468 41 40 81
1661 1.66332814641758 0.342091217430659 41 40 81
1662 0.0467045479731535 0.330455715080024 41 38 79
1663 0.359832899140519 0.301978878759323 41 38 79
1664 1.63253691748057 0.248489139852601 41 38 79
1665 0.459889516474481 0.168647661457706 41 38 79
1666 -0.588449923358185 0.0913117497847515 41 38 79
1667 0.313976729392701 0.0549294492823864 41 38 79
1668 -1.88248388161637 0.0868213753142864 43 37 80
1669 0.184960438776829 0.206032813718332 43 37 80
1670 -0.699825419610949 0.392413719715776 44 39 83
1671 1.19626596563215 0.609673450667625 45 39 84
1672 1.11548232455231 0.802006748819305 45 39 84
1673 1.87916023085605 0.921651408559368 45 39 84
1674 1.92130865915968 0.935201179822831 45 39 84
1675 1.46721241589539 0.835568782206749 45 39 84
1676 1.1602363598309 0.644058557614559 45 39 84
1677 -1.33743560213447 0.402646062095038 45 38 83
1678 1.12122471459351 0.158213283926393 45 38 83
1679 0.457452401171455 -0.0704803271521434 45 38 83
1680 -2.41434712525437 -0.25113057815168 45 40 85
1681 -1.13631806029045 -0.346756433054535 45 40 85
1682 0.749612368170545 -0.366115214919634 45 40 85
1683 -1.39776231057867 -0.339542971945016 45 40 85
1684 1.51235404116866 -0.283958085391364 45 40 85
1685 -1.59186570757083 -0.223055870702607 45 40 85
1686 -0.115468293834451 -0.156118242206546 45 40 85
1687 0.360754255734817 -0.101094333258155 45 40 85
1688 1.06386888805196 -0.0797524359140545 45 40 85
1689 -0.422080203640759 -0.0983060172240043 46 38 84
1690 0.104217708653137 -0.138789412885304 46 38 84
1691 -0.734617871871527 -0.182767329108334 46 38 84
1692 0.385103426867406 -0.211309845138104 45 38 83
1693 -1.07373614308766 -0.21250586081878 45 38 83
1694 -1.48933478315552 -0.169454216663423 45 38 83
1695 1.39208821427495 -0.0866408586375136 46 38 84
1696 -0.842372296439741 0.00752842644446605 46 38 84
1697 1.62083416774492 0.103863334848837 46 38 84
1698 -0.653551906445799 0.191101223397858 45 38 83
1699 0.724153624213067 0.280418062890781 45 38 83
1700 -0.0686684524253445 0.37571485242582 45 38 83
1701 -0.423640592483467 0.483385669421911 45 40 85
1702 0.573404926973056 0.598327405189759 45 40 85
1703 1.25887504574926 0.694414016367644 45 40 85
1704 0.950255650260257 0.743250343458247 45 42 87
1705 1.44072704969482 0.728959967923643 45 42 87
1706 1.23238596037086 0.646462922497891 45 44 89
1707 0.743024133761183 0.509355280810215 45 44 89
1708 -0.0903934206938193 0.348108926054216 46 44 90
1709 -0.716661280562045 0.198747744046898 47 44 91
1710 0.683216315205281 0.0847983129234601 47 44 91
1711 -0.683109701019971 0.0118206355465311 47 44 91
1712 0.0229981282668064 -0.010606173698117 47 44 91
1713 -0.0223651858375414 0.0160776172086875 47 44 91
1714 -0.847381546117237 0.0873586260817554 47 45 92
1715 -0.239020799577177 0.193310969135357 47 45 92
1716 2.11939096440842 0.302409515393811 47 47 94
1717 1.08572515621405 0.378782918642136 47 46 93
1718 -0.62575015530059 0.425258965779879 48 48 96
1719 -0.348749237227601 0.463104158115156 49 50 99
1720 1.78729055722198 0.49147671235154 49 50 99
1721 0.492824378835135 0.494129104233709 50 50 100
1722 1.48267238505654 0.477235839656339 50 52 102
1723 -1.59344954015003 0.458751868796317 50 52 102
1724 0.697175402369028 0.466730758650499 50 52 102
1725 -0.664393935101962 0.493449498963572 50 52 102
1726 0.930242095286765 0.51944447687629 51 52 103
1727 2.13613643642205 0.504779572187258 52 52 104
1728 1.30121912863915 0.420379017666618 52 52 104
1729 -0.75576703391473 0.277274728114167 52 52 104
1730 -0.0173559361600449 0.107646050043772 52 54 106
1731 -0.0126252916506046 -0.0736508883559143 52 54 106
1732 0.307979177919936 -0.259312598351358 52 56 108
1733 -1.47751932941542 -0.438513860415929 52 56 108
1734 0.28892417131906 -0.593804650734026 52 56 108
1735 -1.17433768455474 -0.721618856680485 52 56 108
1736 -0.66883481690985 -0.807927714759398 52 56 108
1737 -1.6934827137475 -0.842750925930723 52 56 108
1738 -1.35263928119455 -0.819941293123402 52 56 108
1739 -0.44579406170277 -0.752830810539256 52 56 108
1740 -0.52763035927052 -0.66847369053761 52 58 110
1741 -0.306341928314572 -0.589633309160237 52 57 109
1742 -0.977033149803689 -0.533153648149218 52 57 109
1743 0.558520764037179 -0.511619473883856 52 57 109
1744 0.548991401147825 -0.539781187317234 52 57 109
1745 -0.935931068301805 -0.607117742930003 52 57 109
1746 -0.932478488289185 -0.676959473138207 52 57 109
1747 -0.332884210852119 -0.715109747408899 52 57 109
1748 -2.04894770944909 -0.692341941309901 50 57 107
1749 -1.84186236955495 -0.579856427880002 50 57 107
1750 -1.05603471320974 -0.381209355358575 51 57 108
1751 1.29253189094012 -0.136280034068383 51 57 108
1752 -0.468620035770967 0.102058535612556 51 57 108
1753 0.410927445752574 0.303866648301242 49 57 106
1754 1.82610282869528 0.435372715008191 49 57 106
1755 1.64853437241917 0.469209878827041 49 57 106
1756 1.57453090115711 0.413153599108021 50 57 107
1757 -0.259410787011853 0.312277092477459 50 56 106
1758 -2.86497591179471 0.238606338174546 50 56 106
1759 0.190578967280082 0.242469448373553 50 56 106
1760 0.786251252797551 0.307299833684739 51 56 107
1761 -0.197459335032309 0.401999532167939 51 56 107
1762 1.55391922489136 0.501958235643231 51 56 107
1763 0.310750686058494 0.578117639959882 51 55 106
1764 0.63763875062552 0.618561487228219 51 55 106
1765 1.45784151581398 0.61138157713362 51 55 106
1766 0.923879268886311 0.548032436411821 51 55 106
1767 0.0218922746197481 0.43936687884548 51 55 106
1768 -0.199174467505124 0.306152307201403 51 55 106
1769 0.614451220807465 0.159923900469432 50 55 105
1770 0.063397951497142 0.00203605470477519 50 55 105
1771 -0.246195997745307 -0.15910639432856 50 54 104
1772 -1.00320643823571 -0.311954028045364 50 53 103
1773 0.0580345844254515 -0.449976612935311 50 53 103
1774 -1.42869599694279 -0.578670927645496 49 53 102
1775 0.471269030908094 -0.701015729193531 49 53 102
1776 0.0878486691006897 -0.828813721073708 49 53 102
1777 -2.3259746617669 -0.949466740015612 49 53 102
1778 -0.0359329638287774 -1.03261165677322 49 53 102
1779 -1.48224625474702 -1.06631866572479 49 53 102
1780 -2.04087346975365 -1.02739958578582 49 53 102
1781 -1.07914673080166 -0.901288548789245 49 53 102
1782 -1.36712841578009 -0.697265940832166 49 53 102
1783 0.0504989591769682 -0.436899193697647 49 53 102
1784 -0.421862233987514 -0.153915237855636 49 53 102
1785 1.05822804448172 0.123150238142926 49 53 102
1786 1.44583412666545 0.367560850402374 49 53 102
1787 -1.20721563057841 0.575928558395292 49 53 102
1788 1.80679266066284 0.762643629270417 49 53 102
1789 0.333050331882736 0.916390304098945 49 53 102
1790 1.3168438702944 1.0351401195515 49 53 102
1791 2.06102339233511 1.1116953097899 49 53 102
1792 0.999913669567552 1.14651736103204 48 53 101
1793 0.807983659421689 1.16024412261508 48 53 101
1794 0.0236260029817217 1.17356810137874 48 53 101
1795 1.42193577155068 1.19330001524483 48 53 101
1796 1.7724893448679 1.20201586692435 48 53 101
1797 1.52895333657735 1.18401085391078 48 53 101
1798 0.86507947668434 1.13823098782502 48 53 101
1799 2.20579685316934 1.07222707850251 48 53 101
1800 -0.988325994477669 0.995529937647197 48 53 101
1801 1.15932244159226 0.929354568571102 48 53 101
1802 0.953440782638315 0.861197039029034 48 53 101
1803 0.691000792199166 0.773567624034048 48 53 101
1804 1.67077823057593 0.651626012995618 48 53 101
1805 1.13742526247403 0.48453969852352 48 53 101
1806 0.509645363074905 0.285318560395982 48 53 101
1807 -1.57615801533378 0.0867517643345517 48 53 101
1808 0.450033199105259 -0.0789498506754347 46 53 99
1809 -0.504127032506092 -0.209838505899108 45 53 98
1810 0.208426573762939 -0.30315199310026 45 53 98
1811 -0.947656133104445 -0.356828930761826 45 53 98
1812 -0.892270600467274 -0.362850077141005 45 53 98
1813 0.219234001149114 -0.325413363501028 45 53 98
1814 -1.01232961524123 -0.259819031782588 45 53 98
1815 -0.707737477320616 -0.176766762563936 45 53 98
1816 0.550691656909313 -0.102329944999578 45 53 98
1817 0.976090826678919 -0.0739896114822427 45 53 98
1818 0.619114920115934 -0.113161299771719 45 53 98
1819 -0.499106625295101 -0.212601933622338 45 53 98
1820 -0.625005857403389 -0.346122085842633 45 53 98
1821 -1.55855069357116 -0.491086046074786 45 53 98
1822 0.431279112739428 -0.63752860061214 45 53 98
1823 0.905584565563466 -0.793339332788492 45 53 98
1824 -2.49132147841907 -0.941232653180462 44 53 97
1825 -1.49990564499929 -1.03152506826744 44 53 97
1826 -1.59605142794715 -1.0400321220657 44 53 97
1827 -2.05437058336609 -0.962987987373578 44 53 97
1828 -0.316307230510417 -0.816040909131133 44 53 97
1829 -0.16871019304798 -0.637526520236035 44 53 97
1830 0.131166177074522 -0.458718602794243 44 53 97
1831 -0.220842519436619 -0.295678757286377 44 53 97
1832 -1.11012245679143 -0.149572931390101 44 53 97
1833 0.445520524249064 -0.0219329993242208 44 53 97
1834 1.03061079038927 0.0687780439610339 44 53 97
1835 -0.201028338227214 0.113697401848272 44 53 97
1836 -0.161317025226605 0.124485719880477 44 53 97
1837 0.989658604670155 0.109813047674258 44 53 97
1838 0.381290419774432 0.075383373285073 44 53 97
1839 -0.779861043615756 0.0450610297168192 44 53 97
1840 -1.30113482952083 0.0492703239024024 44 53 97
1841 1.10678021014195 0.0961464756728061 43 53 96
1842 0.321137050849504 0.16706299662473 43 53 96
1843 -0.338795092565251 0.257996658764292 43 53 96
1844 0.839932810495402 0.37020965188408 43 53 96
1845 -0.264987275889454 0.495916694219024 43 53 96
1846 0.531911536298661 0.630006653389215 43 52 95
1847 0.764996825105556 0.753659001471036 43 52 95
1848 1.60605527045783 0.842194127799327 43 52 95
1849 1.31059002872056 0.874581011899847 43 52 95
1850 0.212965282863956 0.847760703478611 43 52 95
1851 1.38078421206748 0.768284735099944 43 52 95
1852 -0.0988355258252734 0.63505631545773 43 52 95
1853 2.69814071921516 0.452526625858371 43 52 95
1854 -0.576054944214977 0.224749448827508 43 52 95
1855 -1.15732476490654 -0.00600857593426096 42 52 94
1856 0.285528507643419 -0.208301222455223 42 52 94
1857 -0.431969993610467 -0.375885909861672 42 52 94
1858 -1.68072730752393 -0.4985800316806 42 52 94
1859 0.00146137622892423 -0.570883612423818 41 52 93
1860 0.333460236944405 -0.608909227600461 41 52 93
1861 -1.43906376584464 -0.618253384464897 41 52 93
1862 -1.02155433871771 -0.586447031775977 41 52 93
1863 -0.577092723991561 -0.515264072029723 41 52 93
1864 0.423743487490945 -0.419936807422172 41 52 93
1865 0.43761590489506 -0.314870158046174 41 52 93
1866 -1.77958396309554 -0.193610459863982 41 52 93
1867 -1.00381571706147 -0.0380692185227788 41 52 93
1868 0.202405578553681 0.136198709613304 41 52 93
1869 1.3681452290262 0.286020720890051 41 52 93
1870 0.913112752456286 0.370180095099308 41 52 93
1871 1.14749583031866 0.37279406953071 41 51 92
1872 1.09968796255563 0.298649541412271 41 51 92
1873 -1.25944578426018 0.175328348014635 41 51 92
1874 -0.590691384074955 0.0434654612479495 41 51 92
1875 0.372340582288181 -0.0848939847517953 41 50 91
1876 -0.111531425203528 -0.215735291457234 40 50 90
1877 0.283561932916874 -0.348378945900512 40 50 90
1878 -1.50407276948646 -0.474418519301623 40 50 90
1879 -0.4128926719426 -0.577226458449348 40 50 90
1880 -0.19209337745229 -0.657221434873645 40 50 90
1881 -0.206905747339862 -0.714345937304628 40 50 90
1882 -1.83857940988377 -0.735549837992467 40 50 90
1883 -1.04842357573512 -0.700641678430388 40 50 90
1884 -1.03507376739713 -0.611248458734412 40 50 90
1885 -0.412753933693324 -0.483968720164999 40 50 90
1886 0.794370122626968 -0.345518236821266 40 50 90
1887 -0.766518673633429 -0.217477266052286 40 50 90
1888 0.145437342006811 -0.100483601840971 40 50 90
1889 0.0972046924707785 0.000667197615128928 40 50 90
1890 0.721607524083418 0.0839049438735516 40 50 90
1891 -0.721760919177006 0.153674383536303 40 50 90
1892 -0.449430010098646 0.223511565626582 40 50 90
1893 1.1142526093673 0.288805053623981 40 50 90
1894 0.0908009551141759 0.330876060024742 40 50 90
1895 -0.00288167828583696 0.34330208115968 40 50 90
1896 1.01992722454104 0.317192517792557 40 50 90
1897 -0.0934881641344136 0.238925799726715 40 50 90
1898 0.451672819351936 0.105820940850057 39 50 89
1899 0.243230183557013 -0.0862451509891314 39 50 89
1900 0.613823346092549 -0.334312678679213 38 50 88
1901 -0.457929031567079 -0.622020802556634 38 50 88
1902 -0.54609840211263 -0.911017567207699 38 50 88
1903 -1.48432181430019 -1.15284633464822 38 50 88
1904 -3.43053060189357 -1.29241998939877 38 50 88
1905 -1.85848769920847 -1.29055219822255 38 50 88
1906 -1.03641990576443 -1.15655205717116 38 50 88
1907 -0.868244664636721 -0.921738296386038 38 50 88
1908 -1.32099848871155 -0.6176036476782 38 50 88
1909 0.730734420266766 -0.27753558108215 38 50 88
1910 -0.4146412770159 0.0560902432169341 38 50 88
1911 1.14217450287263 0.355566841955858 38 50 88
1912 0.934518204600555 0.592735474351836 38 50 88
1913 1.93528262303476 0.754919450728615 38 50 88
1914 0.22660857308133 0.846548641202572 38 50 88
1915 0.534574059610596 0.894850509727179 38 50 88
1916 0.869475728358248 0.918537091838503 38 49 87
1917 1.46298950374075 0.925493916206542 38 49 87
1918 -0.247109915983941 0.923508891558985 38 49 87
1919 0.15734318468438 0.925143107235687 38 49 87
1920 1.8807020238096 0.917751236103587 38 49 87
1921 1.45138830047606 0.871864785251021 38 49 87
1922 1.16495956598467 0.7768120304043 38 49 87
1923 -0.333733774398111 0.640747085112881 38 49 87
1924 0.77166801009672 0.477763628103685 38 48 86
1925 0.927267494206289 0.285455392239435 38 48 86
1926 0.395666850355513 0.0657410994223169 38 48 86
1927 0.584912022122451 -0.163087790033409 38 48 86
1928 -1.90332096589103 -0.368837876890149 38 48 86
1929 0.158068886692423 -0.510144781486549 38 48 86
1930 -2.15653251367587 -0.569870249284285 38 48 86
1931 -1.30192860539935 -0.533176108915488 38 48 86
1932 -0.0366969862846405 -0.418303324921813 38 48 86
1933 -0.130725170053681 -0.265452960495798 38 48 86
1934 1.32413177246698 -0.110247362828479 38 48 86
1935 -0.974761935664265 0.0237735895939425 38 48 86
1936 -0.0891823013979698 0.138075971088735 38 48 86
1937 0.997171914851648 0.219826248771712 38 48 86
1938 1.29827428098133 0.250391958627161 38 48 86
1939 0.835431293172703 0.231304656755619 38 48 86
1940 -1.75421932725336 0.192689773105613 38 48 86
1941 0.425394265271118 0.172458600293715 38 48 86
1942 -0.987698119762755 0.172963144214193 38 48 86
1943 1.33771070799171 0.185802169083715 38 48 86
1944 0.509460866022144 0.185961978565917 38 48 86
1945 -0.31411152859713 0.167774356963766 38 48 86
1946 1.14884940704162 0.135648044025231 38 48 86
1947 0.66750118461257 0.0909602895067262 38 48 86
1948 -1.37924107057741 0.056368071740533 38 48 86
1949 -0.857779068441742 0.0641935153628326 38 48 86
1950 1.55085051569559 0.11552320091375 38 48 86
1951 -0.113189641339364 0.192520489944117 38 48 86
1952 -0.165336844439329 0.300507192081378 38 48 86
1953 0.343726459375297 0.443505195351289 38 48 86
1954 0.741489779163296 0.613895328845809 38 48 86
1955 0.160208800938234 0.800275162670488 38 48 86
1956 1.63365020948329 0.990064919532281 38 48 86
1957 1.09958641608467 1.16150540774973 38 48 86
1958 0.783069839597324 1.30244409102159 38 46 84
1959 2.55375112919777 1.40009496102594 38 46 84
1960 2.62566788337316 1.43661428754084 38 44 82
1961 0.537502901887589 1.42127096896058 38 42 80
1962 0.559438401453645 1.38912175570435 38 42 80
1963 0.317248531530392 1.35892955336949 38 42 80
1964 2.91035545114691 1.32255049379116 38 42 80
1965 1.93672286951735 1.25435190177203 38 42 80
1966 1.14511563135262 1.1594443038524 38 42 80
1967 0.85942375640277 1.06501579067151 38 42 80
1968 -0.828852867760317 1.00040663378295 38 42 80
1969 1.14720234843928 0.981278655669867 38 42 80
1970 0.883724578223547 0.985547999082045 38 42 80
1971 1.95468318000466 0.984628110454221 37 42 79
1972 0.620987386727184 0.953671162808042 36 42 78
1973 1.65367120281245 0.885508542697943 36 42 78
1974 -0.38095095922455 0.775062342484213 36 41 77
1975 1.61025214836765 0.625381579955935 36 41 77
1976 1.79006578453837 0.424784686211894 36 41 77
1977 0.662744505858308 0.182876437631691 36 41 77
1978 -0.609083914690927 -0.0552032741712927 36 41 77
1979 -1.37069369979716 -0.230303036311148 36 41 77
1980 -1.80564082834528 -0.298027805706239 36 41 77
1981 -0.914420350508744 -0.247964018321 36 40 76
1982 0.0842945426171104 -0.109909607942834 36 40 76
1983 1.46731024318852 0.06592089586682 36 40 76
1984 0.617451856132763 0.237069426044518 36 40 76
1985 0.601928660948476 0.392786906476173 35 40 75
1986 0.116142147219865 0.538394192224936 35 40 75
1987 0.585089080819548 0.683289559993475 35 40 75
1988 0.322062126621633 0.828774564232882 35 40 75
1989 -0.283045413669894 0.969369059971579 35 40 75
1990 2.54624525737194 1.08226385647004 35 40 75
1991 1.30894668929606 1.12385782600959 35 39 74
1992 1.02960276403534 1.07511911863994 35 39 74
1993 2.05661970230553 0.928092328586093 35 39 74
1994 1.18927154533895 0.680627794217507 34 39 73
1995 0.536728850567734 0.356112987069107 34 39 73
1996 -1.66054041303118 -0.00490872140029897 33 39 72
1997 -0.622317299846632 -0.364072103666114 33 39 72
1998 -0.910802998002026 -0.717388993667446 33 39 72
1999 1.04640515238595 -1.07565828403273 33 39 72
2000 -0.807760622054093 -1.44408547923837 33 39 72
2001 -3.55245836410094 -1.78205219700353 32 37 69
2002 -2.40447965035165 -2.03407639262034 32 37 69
2003 -2.54825252318762 -2.1796459295219 32 35 67
2004 -2.25793526937712 -2.2168253242125 32 35 67
2005 -2.45875561016393 -2.1533554439881 32 35 67
2006 -2.10943547120955 -2.00127904520959 32 34 66
2007 -3.02209115461301 -1.77967250847778 32 34 66
2008 0.177785240608699 -1.51777344972216 32 34 66
2009 -0.486031702947335 -1.2621731974898 32 34 66
2010 -1.16945601559302 -1.02705725877126 12 34 46
2011 -1.12889513904642 -0.802713349583848 12 34 46
